6,0,0,0,0
7,0,0,0,0
8,0,0,0,0
9,0,0,0,0
10,0,0,0,0
16,0,0,0,0
17,0,0,0,0
18,0,0,0,0
19,0,0,0,0
20,0,0,0,0
26,0,0,0,0
27,0,0,0,0
28,0,0,0,0
29,0,0,0,0
30,0,0,0,0
36,0,0,0,0
37,0,0,0,0
38,0,0,0,0
39,0,0,0,0
40,0,0,0,0
46,0,0,0,0
47,0,0,0,0
48,0,0,0,0
49,0,0,0,0
50,0,0,0,0
51,0,0,0,0
52,0,0,0,0
53,0,0,0,0
54,0,0,0,0
55,0,0,0,0
56,0,0,0,0
57,0,0,0,0
58,0,0,0,0
59,0,0,0,0
60,0,0,0,0
61,0,0,0,0
62,0,0,0,0
63,0,0,0,0
64,0,0,0,0
65,0,0,0,0
66,0,0,0,0
67,0,0,0,0
68,0,0,0,0
69,0,0,0,0
70,0,0,0,0
71,0,0,0,0
72,0,0,0,0
73,0,0,0,0
74,0,0,0,0
75,0,0,0,0
76,0,0,0,0
77,0,0,0,0
78,0,0,0,0
79,0,0,0,0
80,0,0,0,0
81,0,0,0,0
82,0,0,0,0
83,0,0,0,0
84,0,0,0,0
85,0,0,0,0
86,0,0,0,0
87,0,0,0,0
88,0,0,0,0
89,0,0,0,0
90,0,0,0,0
91,0,0,0,0
92,0,0,0,0
93,0,0,0,0
94,0,0,0,0
95,0,0,0,0
96,0,0,0,0
97,0,0,0,0
98,0,0,0,0
99,0,0,0,0
100,0,0,0,0
6,310,310,310,310
7,310,310,310,310
8,310,310,310,310
9,310,310,310,310
10,310,310,310,310
16,310,310,310,310
17,310,310,310,310
18,310,310,310,310
19,310,310,310,310
20,310,310,310,310
26,310,310,310,310
27,310,310,310,310
28,310,310,310,310
29,310,310,310,310
30,310,310,310,310
36,310,310,310,310
37,310,310,310,310
38,310,310,310,310
39,310,310,310,310
40,310,310,310,310
46,310,310,310,310
47,310,310,310,310
48,310,310,310,310
49,310,310,310,310
50,310,310,310,310
51,310,310,310,310
52,310,310,310,310
53,310,310,310,310
54,310,310,310,310
55,310,310,310,310
56,310,310,310,310
57,310,310,310,310
58,310,310,310,310
59,310,310,310,310
60,310,310,310,310
61,310,310,310,310
62,310,310,310,310
63,310,310,310,310
64,310,310,310,310
65,310,310,310,310
66,310,310,310,310
67,310,310,310,310
68,310,310,310,310
69,310,310,310,310
70,310,310,310,310
71,310,310,310,310
72,310,310,310,310
73,310,310,310,310
74,310,310,310,310
75,310,310,310,310
76,310,310,310,310
77,310,310,310,310
78,310,310,310,310
79,310,310,310,310
80,310,310,310,310
81,310,310,310,310
82,310,310,310,310
83,310,310,310,310
84,310,310,310,310
85,310,310,310,310
86,310,310,310,310
87,310,310,310,310
88,310,310,310,310
89,310,310,310,310
90,310,310,310,310
91,310,310,310,310
92,310,310,310,310
93,310,310,310,310
94,310,310,310,310
95,310,310,310,310
96,310,310,310,310
97,310,310,310,310
98,310,310,310,310
99,310,310,310,310
100,310,310,310,310
6,0,0,0,0
7,0,0,0,0
8,0,0,0,0
9,0,0,0,0
10,0,0,0,0
16,0,0,0,0
17,0,0,0,0
18,0,0,0,0
19,0,0,0,0
20,0,0,0,0
26,0,0,0,0
27,0,0,0,0
28,0,0,0,0
29,0,0,0,0
30,0,0,0,0
36,0,0,0,0
37,0,0,0,0
38,0,0,0,0
39,0,0,0,0
40,0,0,0,0
46,0,0,0,0
47,0,0,0,0
48,0,0,0,0
49,0,0,0,0
50,0,0,0,0
51,0,0,0,0
52,0,0,0,0
53,0,0,0,0
54,0,0,0,0
55,0,0,0,0
56,0,0,0,0
57,0,0,0,0
58,0,0,0,0
59,0,0,0,0
60,0,0,0,0
61,0,0,0,0
62,0,0,0,0
63,0,0,0,0
64,0,0,0,0
65,0,0,0,0
66,0,0,0,0
67,0,0,0,0
68,0,0,0,0
69,0,0,0,0
70,0,0,0,0
71,0,0,0,0
72,0,0,0,0
73,0,0,0,0
74,0,0,0,0
75,0,0,0,0
76,0,0,0,0
77,0,0,0,0
78,0,0,0,0
79,0,0,0,0
80,0,0,0,0
81,0,0,0,0
82,0,0,0,0
83,0,0,0,0
84,0,0,0,0
85,0,0,0,0
86,0,0,0,0
87,0,0,0,0
88,0,0,0,0
89,0,0,0,0
90,0,0,0,0
91,0,0,0,0
92,0,0,0,0
93,0,0,0,0
94,0,0,0,0
95,0,0,0,0
96,0,0,0,0
97,0,0,0,0
98,0,0,0,0
99,0,0,0,0
100,0,0,0,0
6,0,0,0,0
7,0,0,0,0
8,0,0,0,0
9,0,0,0,0
10,0,0,0,0
16,0,0,0,0
17,0,0,0,0
18,0,0,0,0
19,0,0,0,0
20,0,0,0,0
26,0,0,0,0
27,0,0,0,0
28,0,0,0,0
29,0,0,0,0
30,0,0,0,0
36,0,0,0,0
37,0,0,0,0
38,0,0,0,0
39,0,0,0,0
40,0,0,0,0
46,0,0,0,0
47,0,0,0,0
48,0,0,0,0
49,0,0,0,0
50,0,0,0,0
51,0,0,0,0
52,0,0,0,0
53,0,0,0,0
54,0,0,0,0
55,0,0,0,0
56,0,0,0,0
57,0,0,0,0
58,0,0,0,0
59,0,0,0,0
60,0,0,0,0
61,0,0,0,0
62,0,0,0,0
63,0,0,0,0
64,0,0,0,0
65,0,0,0,0
66,0,0,0,0
67,0,0,0,0
68,0,0,0,0
69,0,0,0,0
70,0,0,0,0
71,0,0,0,0
72,0,0,0,0
73,0,0,0,0
74,0,0,0,0
75,0,0,0,0
76,0,0,0,0
77,0,0,0,0
78,0,0,0,0
79,0,0,0,0
80,0,0,0,0
81,0,0,0,0
82,0,0,0,0
83,0,0,0,0
84,0,0,0,0
85,0,0,0,0
86,0,0,0,0
87,0,0,0,0
88,0,0,0,0
89,0,0,0,0
90,0,0,0,0
91,0,0,0,0
92,0,0,0,0
93,0,0,0,0
94,0,0,0,0
95,0,0,0,0
96,0,0,0,0
97,0,0,0,0
98,0,0,0,0
99,0,0,0,0
100,0,0,0,0