96,75,11,11,11,11,40
8,2,1,7
9,3,2,8
10,4,3,9
11,5,4,10
12,6,5,11
14,8,7,13
15,9,8,14
16,10,9,15
17,11,10,16
18,12,11,17
20,14,13,19
21,15,14,20
22,16,15,21
23,17,16,22
24,18,17,23
26,20,19,25
27,21,20,26
28,22,21,27
29,23,22,28
30,24,23,29
37,26,25,36
38,27,26,37
39,28,27,38
40,29,28,39
41,30,29,40
43,32,31,42
44,33,32,43
45,34,33,44
46,35,34,45
47,36,35,46
48,37,36,47
49,38,37,48
50,39,38,49
51,40,39,50
52,41,40,51
54,43,42,53
55,44,43,54
56,45,44,55
57,46,45,56
58,47,46,57
59,48,47,58
60,49,48,59
61,50,49,60
62,51,50,61
63,52,51,62
65,54,53,64
66,55,54,65
67,56,55,66
68,57,56,67
69,58,57,68
70,59,58,69
71,60,59,70
72,61,60,71
73,62,61,72
74,63,62,73
76,65,64,75
77,66,65,76
78,67,66,77
79,68,67,78
80,69,68,79
81,70,69,80
82,71,70,81
83,72,71,82
84,73,72,83
85,74,73,84
87,76,75,86
88,77,76,87
89,78,77,88
90,79,78,89
91,80,79,90
92,81,80,91
93,82,81,92
94,83,82,93
95,84,83,94
96,85,84,95
0,.05
0,.06
0,.07
0,8.000001E-02
0,.09
0,.1
.01,.05
.01,.06
.01,.07
.01,8.000001E-02
.01,.09
.01,.1
.02,.05
.02,.06
.02,.07
.02,8.000001E-02
.02,.09
.02,.1
.03,.05
.03,.06
.03,.07
.03,8.000001E-02
.03,.09
.03,.1
.04,.05
.04,.06
.04,.07
.04,8.000001E-02
.04,.09
.04,.1
.05,0
.05,.01
.05,.02
.05,.03
.05,.04
.05,.05
.05,.06
.05,.07
.05,8.000001E-02
.05,.09
.05,.1
.06,0
.06,.01
.06,.02
.06,.03
.06,.04
.06,.05
.06,.06
.06,.07
.06,8.000001E-02
.06,.09
.06,.1
.07,0
.07,.01
.07,.02
.07,.03
.07,.04
.07,.05
.07,.06
.07,.07
.07,8.000001E-02
.07,.09
.07,.1
8.000001E-02,0
8.000001E-02,.01
8.000001E-02,.02
8.000001E-02,.03
8.000001E-02,.04
8.000001E-02,.05
8.000001E-02,.06
8.000001E-02,.07
8.000001E-02,8.000001E-02
8.000001E-02,.09
8.000001E-02,.1
.09,0
.09,.01
.09,.02
.09,.03
.09,.04
.09,.05
.09,.06
.09,.07
.09,8.000001E-02
.09,.09
.09,.1
.1,0
.1,.01
.1,.02
.1,.03
.1,.04
.1,.05
.1,.06
.1,.07
.1,8.000001E-02
.1,.09
.1,.1
1,1,0,0
1,2,0,0
1,3,0,0
1,4,0,0
1,5,0,0
1,6,1,1
1,7,1,1
1,8,1,1
1,9,1,1
1,10,1,1
2,1,0,0
2,2,0,0
2,3,0,0
2,4,0,0
2,5,0,0
2,6,1,1
2,7,1,0
2,8,1,0
2,9,1,0
2,10,1,1
3,1,0,0
3,2,0,0
3,3,0,0
3,4,0,0
3,5,0,0
3,6,1,1
3,7,1,0
3,8,1,0
3,9,1,0
3,10,1,1
4,1,0,0
4,2,0,0
4,3,0,0
4,4,0,0
4,5,0,0
4,6,1,1
4,7,1,0
4,8,1,0
4,9,1,0
4,10,1,1
5,1,0,0
5,2,0,0
5,3,0,0
5,4,0,0
5,5,0,0
5,6,1,1
5,7,1,0
5,8,1,0
5,9,1,0
5,10,1,1
6,1,1,1
6,2,1,1
6,3,1,1
6,4,1,1
6,5,1,1
6,6,1,1
6,7,1,0
6,8,1,0
6,9,1,0
6,10,1,1
7,1,1,1
7,2,1,0
7,3,1,0
7,4,1,0
7,5,1,0
7,6,1,0
7,7,1,0
7,8,1,0
7,9,1,0
7,10,1,1
8,1,1,1
8,2,1,0
8,3,1,0
8,4,1,0
8,5,1,0
8,6,1,0
8,7,1,0
8,8,1,0
8,9,1,0
8,10,1,1
9,1,1,1
9,2,1,0
9,3,1,0
9,4,1,0
9,5,1,0
9,6,1,0
9,7,1,0
9,8,1,0
9,9,1,0
9,10,1,1
10,1,1,1
10,2,1,1
10,3,1,1
10,4,1,1
10,5,1,1
10,6,1,1
10,7,1,1
10,8,1,1
10,9,1,1
10,10,1,1
