1,506,0,6940,0,0,-0.00805455,0,1,0
2,506,0,6940,0,0,-0.00728868,0,1,0
3,506,0,6940,0,0,-0.00516266,0,1,0
4,506,0,6940,0,0,-0.00256069,0,1,0
5,506,0,6940,0,0,0.000101395,0,1,0
6,506,0,6940,0,0,0.00275696,0,1,0
7,506,0,6940,0,0,0.00533437,0,1,0
8,506,0,6940,0,0,0.00759002,0,1,0
9,506,0,6940,0,0,0.0085657,0,1,0
10,506,0,6940,0,0,-0.00856979,0,1,0
11,506,0,6940,6.64891e-005,0.000478261,-0.00782382,0,1,0
12,505.996,0,6940,1.88416e-005,0.00044951,-0.00518996,0,1,0
13,505.998,0,6940,4.18239e-006,0.000447147,-0.00257615,0,1,0
14,506.001,0,6940,-3.11662e-006,0.000447482,0.000107357,0,1,0
15,506.001,0,6940,-9.81672e-006,0.000452483,0.00277929,0,1,0
16,505.998,0,6940,-2.35841e-005,0.000460613,0.00540562,0,1,0
17,505.996,0,6940,-5.92297e-005,0.000472168,0.00799634,0,1,0
18,505.996,0,6940,0,0,0.00930937,0,1,0
19,506.001,0,6940,0,0,-0.00908807,0,1,0
20,506.001,0,6940,4.89091e-005,0.000500594,-0.00828244,0,1,0
21,506.004,0,6940,2.55458e-005,0.00048488,-0.0053167,0,1,0
22,506.002,0,6940,6.19252e-006,0.000491482,-0.0025986,0,1,0
23,505.995,0,6940,-4.97263e-006,0.000489996,0.000142685,0,1,0
24,505.989,0,6940,-1.37692e-005,0.000488888,0.00286821,0,1,0
25,505.988,0,6940,-2.6211e-005,0.000484956,0.00559898,0,1,0
26,505.99,0,6940,-3.9612e-005,0.000470316,0.00838944,0,1,0
27,505.99,0,6940,0,0,0.00983927,0,1,0
28,505.998,0,6940,0,0,-0.00934143,0,1,0
29,505.998,0,6940,2.20664e-005,0.000491959,-0.00849564,0,1,0
30,506.018,0,6940,1.52727e-005,0.000479516,-0.00543053,0,1,0
31,506.013,0,6940,3.85787e-006,0.000489745,-0.00261717,0,1,0
32,505.99,0,6940,-4.50533e-006,0.000486,0.000181046,0,1,0
33,505.97,0,6940,-9.78507e-006,0.000479677,0.00294679,0,1,0
34,505.968,0,6940,-1.39989e-005,0.000471683,0.00572254,0,1,0
35,505.98,0,6940,-1.64455e-005,0.000460397,0.00857484,0,1,0
36,505.98,0,6940,0,0,0.0100537,0,1,0
37,505.987,0,6940,0,0,-0.00941329,0,1,0
38,505.987,0,6940,7.40969e-007,0.0004862,-0.00856137,0,1,0
39,506.027,0,6940,1.58433e-006,0.000477367,-0.00547927,0,1,0
40,506.025,0,6940,-3.79831e-007,0.00048853,-0.00262259,0,1,0
41,505.988,0,6940,-2.45171e-006,0.000481887,0.000207908,0,1,0
42,505.952,0,6940,-2.60121e-006,0.000471055,0.00298704,0,1,0
43,505.945,0,6940,-6.19183e-007,0.000461427,0.00576394,0,1,0
44,505.965,0,6940,2.02267e-006,0.000453834,0.00861531,0,1,0
45,505.965,0,6940,0,0,0.0100922,0,1,0
46,505.968,0,6940,0,0,-0.00934297,0,1,0
47,505.968,0,6940,-1.93633e-005,0.000482684,-0.00850054,0,1,0
48,506.02,0,6940,-1.25627e-005,0.000477347,-0.00545417,0,1,0
49,506.028,0,6940,-4.82542e-006,0.00049024,-0.00261097,0,1,0
50,505.989,0,6940,5.68397e-007,0.000482656,0.000213968,0,1,0
51,505.941,0,6940,5.6889e-006,0.000469019,0.00298002,0,1,0
52,505.924,0,6940,1.25107e-005,0.000457119,0.00572915,0,1,0
53,505.944,0,6940,1.84864e-005,0.000449414,0.00854305,0,1,0
54,505.944,0,6940,0,0,0.0100002,0,1,0
55,505.937,0,6940,0,0,-0.00912751,0,1,0
56,505.937,0,6940,-4.10999e-005,0.000479184,-0.00830875,0,1,0
57,505.989,0,6940,-2.6297e-005,0.00047533,-0.00535345,0,1,0
58,506.009,0,6940,-8.74915e-006,0.000489664,-0.00258299,0,1,0
59,505.981,0,6940,3.5845e-006,0.000483643,0.000195011,0,1,0
60,505.932,0,6940,1.37451e-005,0.000470304,0.00292119,0,1,0
61,505.904,0,6940,2.56603e-005,0.000456933,0.00561708,0,1,0
62,505.914,0,6940,3.58507e-005,0.000446003,0.00836017,0,1,0
63,505.914,0,6940,0,0,0.00977925,0,1,0
64,505.881,0,6940,0,0,-0.00873484,0,1,0
65,505.881,0,6940,-6.44354e-005,0.000469661,-0.00796494,0,1,0
66,505.922,0,6940,-3.47649e-005,0.000462562,-0.00518657,0,1,0
67,505.955,0,6940,-1.01799e-005,0.000473514,-0.00254248,0,1,0
68,505.943,0,6940,5.30869e-006,0.000469948,0.000155807,0,1,0
69,505.902,0,6940,1.83632e-005,0.00046088,0.00281614,0,1,0
70,505.868,0,6940,3.59637e-005,0.000451752,0.00542606,0,1,0
71,505.866,0,6940,5.4823e-005,0.000440243,0.00804671,0,1,0
72,505.866,0,6940,0,0,0.00939615,0,1,0
73,505.771,0,6940,0,0,-0.00813557,0,1,0
74,505.771,0,6940,-6.91591e-005,0.00041579,-0.00742137,0,1,0
75,505.797,0,6940,-2.35698e-005,0.000391308,-0.00500736,0,1,0
76,505.832,0,6940,-6.48512e-006,0.000392392,-0.00249779,0,1,0
77,505.834,0,6940,4.15865e-006,0.000392134,0.000115112,0,1,0
78,505.804,0,6940,1.35556e-005,0.00039149,0.00270173,0,1,0
79,505.773,0,6940,2.92647e-005,0.000396936,0.00519123,0,1,0
80,505.768,0,6940,6.45632e-005,0.000412751,0.00758478,0,1,0
81,505.768,0,6940,0,0,0.008773,0,1,0
82,505.539,0,6940,0,0,-0.0076374,0,1,0
83,505.539,0,6940,-3.18942e-007,1.46242e-006,-0.00692917,0,1,0
84,505.548,0,6940,-2.28362e-008,1.46833e-006,-0.00494504,0,1,0
85,505.563,0,6940,-2.08199e-008,1.30395e-006,-0.00246959,0,1,0
86,505.565,0,6940,4.61779e-009,1.30998e-006,0.000105735,0,1,0
87,505.553,0,6940,3.46515e-008,1.36174e-006,0.00266548,0,1,0
88,505.541,0,6940,1.1963e-007,1.47586e-006,0.00510855,0,1,0
89,505.537,0,6940,3.31741e-007,1.46938e-006,0.00720209,0,1,0
90,505.537,0,6940,0,0,0.00808992,0,1,0
91,505.004,0,6940,0,0,-0.00701244,0,0.980645,0
92,505.004,0,6940,-2.90702e-026,4.22157e-026,-0.00622941,0,0.980645,0
93,505.004,0,6940,-1.50748e-026,6.10607e-026,-0.00452551,0,0.980697,0
94,505.004,0,6940,-5.26485e-027,6.46599e-026,-0.00230387,0,0.980761,0
95,505.004,0,6940,-2.99032e-028,6.39492e-026,0.000125609,0,0.980772,0
96,505.004,0,6940,5.70634e-027,6.42339e-026,0.00256193,0,0.980718,0
97,505.004,0,6940,1.65385e-026,6.24001e-026,0.00480179,0,0.980655,0
98,505.004,0,6940,2.91653e-026,4.76567e-026,0.0064272,0,0.980626,0
99,505.004,0,6940,0,0,0.00668487,0,0.980626,0
100,502,0,6940,0,0,-0.00644351,0,0,0
101,502,0,6940,0,0,-0.00517163,0,0,0
102,502,0,6940,0,0,-0.0036359,0,0,0
103,502,0,6940,0,0,-0.00165631,0,0,0
104,502,0,6940,0,0,0.000407461,0,0,0
105,502,0,6940,0,0,0.00244277,0,0,0
106,502,0,6940,0,0,0.00425931,0,0,0
107,502,0,6940,0,0,0.00533558,0,0,0
108,502,0,6940,0,0,0.00474984,0,0,0
1,506,0,6940,0,0,-0.0129112,0,1,0
2,506,0,6940,0,0,-0.0117583,0,1,0
3,506,0,6940,0,0,-0.00838866,0,1,0
4,506,0,6940,0,0,-0.00423208,0,1,0
5,506,0,6940,0,0,-4.15432e-006,0,1,0
6,506,0,6940,0,0,0.00421669,0,1,0
7,506,0,6940,0,0,0.00833274,0,1,0
8,506,0,6940,0,0,0.0119874,0,1,0
9,506,0,6940,0,0,0.0135605,0,1,0
10,506,0,6940,0,0,-0.013664,0,1,0
11,506,0,6940,0.000145868,0.000677503,-0.0126356,0,1,0
12,505.997,0,6940,3.60139e-005,0.000603406,-0.00836547,0,1,0
13,505.996,0,6940,7.07559e-006,0.000602508,-0.0042541,0,1,0
14,505.996,0,6940,-8.45393e-006,0.000602419,4.90908e-006,0,1,0
15,505.994,0,6940,-2.23647e-005,0.000613871,0.00423623,0,1,0
16,505.992,0,6940,-5.15974e-005,0.000632782,0.00840774,0,1,0
17,505.991,0,6940,-0.000124167,0.000671323,0.0125839,0,1,0
18,505.991,0,6940,0,0,0.0147497,0,1,0
19,506.001,0,6940,0,0,-0.0144554,0,1,0
20,506.001,0,6940,0.000108943,0.0007276,-0.0133451,0,1,0
21,506.001,0,6940,5.36776e-005,0.000676035,-0.00844869,0,1,0
22,505.995,0,6940,1.11564e-005,0.000696911,-0.00425886,0,1,0
23,505.986,0,6940,-1.24144e-005,0.000691615,7.49198e-005,0,1,0
24,505.979,0,6940,-3.0858e-005,0.000689651,0.00437051,0,1,0
25,505.978,0,6940,-5.70128e-005,0.000680589,0.0086892,0,1,0
26,505.982,0,6940,-8.18431e-005,0.000657985,0.0131334,0,1,0
27,505.982,0,6940,0,0,0.0154975,0,1,0
28,505.996,0,6940,0,0,-0.0147931,0,1,0
29,505.996,0,6940,4.24434e-005,0.000708611,-0.0136038,0,1,0
30,506.005,0,6940,2.92573e-005,0.000661546,-0.00855249,0,1,0
31,505.996,0,6940,6.17536e-006,0.000693342,-0.00425067,0,1,0
32,505.976,0,6940,-9.89256e-006,0.000687233,0.00013852,0,1,0
33,505.96,0,6940,-1.98623e-005,0.000676616,0.00447695,0,1,0
34,505.958,0,6940,-2.69691e-005,0.000657717,0.00884109,0,1,0
35,505.966,0,6940,-2.87141e-005,0.000638907,0.0133479,0,1,0
36,505.966,0,6940,0,0,0.015733,0,1,0
37,505.978,0,6940,0,0,-0.0148262,0,1,0
38,505.978,0,6940,-1.01492e-005,0.000696019,-0.0136275,0,1,0
39,505.997,0,6940,-4.63859e-006,0.00065196,-0.00858046,0,1,0
40,505.993,0,6940,-3.7239e-006,0.000685853,-0.00423952,0,1,0
41,505.968,0,6940,-4.0212e-006,0.000678282,0.000170695,0,1,0
42,505.941,0,6940,-1.4709e-006,0.000662269,0.00451245,0,1,0
43,505.932,0,6940,5.85311e-006,0.000640541,0.00886016,0,1,0
44,505.94,0,6940,1.45192e-005,0.000626498,0.0133377,0,1,0
45,505.94,0,6940,0,0,0.0156986,0,1,0
46,505.942,0,6940,0,0,-0.0146325,0,1,0
47,505.942,0,6940,-5.92401e-005,0.000688459,-0.013454,0,1,0
48,505.967,0,6940,-3.91738e-005,0.000649003,-0.0085087,0,1,0
49,505.977,0,6940,-1.42185e-005,0.000684466,-0.0042185,0,1,0
50,505.956,0,6940,3.50321e-006,0.000676607,0.000161351,0,1,0
51,505.923,0,6940,1.88734e-005,0.000657641,0.00447008,0,1,0
52,505.901,0,6940,3.78216e-005,0.000632783,0.00876039,0,1,0
53,505.903,0,6940,5.31499e-005,0.000617603,0.0131545,0,1,0
54,505.903,0,6940,0,0,0.0154652,0,1,0
55,505.877,0,6940,0,0,-0.0142068,0,1,0
56,505.877,0,6940,-0.000111174,0.000678966,-0.013075,0,1,0
57,505.904,0,6940,-7.0477e-005,0.000642695,-0.00834282,0,1,0
58,505.933,0,6940,-2.25818e-005,0.000677367,-0.00418898,0,1,0
59,505.927,0,6940,1.07792e-005,0.000671184,0.000106924,0,1,0
60,505.891,0,6940,3.79485e-005,0.000653296,0.00434626,0,1,0
61,505.856,0,6940,6.88716e-005,0.000627741,0.00854175,0,1,0
62,505.847,0,6940,9.24787e-005,0.000608595,0.0128032,0,1,0
63,505.847,0,6940,0,0,0.0150369,0,1,0
64,505.767,0,6940,0,0,-0.0134998,0,1,0
65,505.767,0,6940,-0.000161166,0.000651894,-0.0124577,0,1,0
66,505.793,0,6940,-8.45645e-005,0.000609338,-0.00811243,0,1,0
67,505.845,0,6940,-2.40008e-005,0.000632473,-0.00415094,0,1,0
68,505.856,0,6940,1.46908e-005,0.000629716,1.96218e-005,0,1,0
69,505.819,0,6940,4.78099e-005,0.000619692,0.00415388,0,1,0
70,505.776,0,6940,9.11924e-005,0.000606353,0.00820822,0,1,0
71,505.76,0,6940,0.000131683,0.000592326,0.012268,0,1,0
72,505.76,0,6940,0,0,0.0143791,0,1,0
73,505.598,0,6940,0,0,-0.0125131,0,1,0
74,505.598,0,6940,-0.000152009,0.000534728,-0.0115337,0,1,0
75,505.62,0,6940,-4.8937e-005,0.000462391,-0.00787996,0,1,0
76,505.682,0,6940,-1.41828e-005,0.000465312,-0.00408602,0,1,0
77,505.703,0,6940,1.10738e-005,0.000469767,-5.36247e-005,0,1,0
78,505.666,0,6940,3.40192e-005,0.000475447,0.00396631,0,1,0
79,505.626,0,6940,7.11377e-005,0.000495376,0.00783231,0,1,0
80,505.614,0,6940,0.000143767,0.0005456,0.0115579,0,1,0
81,505.614,0,6940,0,0,0.0134109,0,1,0
82,505.356,0,6940,0,0,-0.0118067,0,1,0
83,505.356,0,6940,-6.89474e-008,1.19381e-007,-0.0107934,0,1,0
84,505.368,0,6940,-8.22446e-009,8.69312e-008,-0.00781043,0,1,0
85,505.396,0,6940,-7.5859e-009,4.66377e-008,-0.00403002,0,1,0
86,505.405,0,6940,8.44816e-010,5.09969e-008,-5.36019e-005,0,1,0
87,505.389,0,6940,8.93253e-009,7.20996e-008,0.00393092,0,1,0
88,505.371,0,6940,3.04888e-008,1.24015e-007,0.00774674,0,1,0
89,505.364,0,6940,7.91772e-008,1.85208e-007,0.0110278,0,1,0
90,505.364,0,6940,0,0,0.0123797,0,1,0
91,505.004,0,6940,0,0,-0.0108199,0,0.955916,0
92,505.004,0,6940,-2.5507e-026,1.31564e-026,-0.0096474,0,0.955916,0
93,505.004,0,6940,-1.46351e-026,1.04401e-026,-0.00711496,0,0.956047,0
94,505.004,0,6940,-6.83537e-027,4.29236e-027,-0.00373755,0,0.956233,0
95,505.004,0,6940,-2.77741e-027,2.14091e-027,1.68495e-006,0,0.956293,0
96,505.004,0,6940,2.86071e-027,8.10939e-027,0.00377181,0,0.956175,0
97,505.004,0,6940,1.42206e-026,1.92608e-026,0.00723966,0,0.956019,0
98,505.004,0,6940,2.88757e-026,2.47416e-026,0.00972471,0,0.955941,0
99,505.004,0,6940,0,0,0.0100746,0,0.955941,0
100,502,0,6940,0,0,-0.00962941,0,0,0
101,502,0,6940,0,0,-0.00766579,0,0,0
102,502,0,6940,0,0,-0.0055195,0,0,0
103,502,0,6940,0,0,-0.0026624,0,0,0
104,502,0,6940,0,0,0.000415889,0,0,0
105,502,0,6940,0,0,0.00346902,0,0,0
106,502,0,6940,0,0,0.00616065,0,0,0
107,502,0,6940,0,0,0.00774391,0,0,0
108,502,0,6940,0,0,0.00697279,0,0,0
1,506,0,6940,0,0,-0.0148533,0,1,0
2,506,0,6940,0,0,-0.0135613,0,1,0
3,506,0,6940,0,0,-0.00968402,0,1,0
4,506,0,6940,0,0,-0.00490647,0,1,0
5,506,0,6940,0,0,-6.3806e-005,0,1,0
6,506,0,6940,0,0,0.00477556,0,1,0
7,506,0,6940,0,0,0.00951752,0,1,0
8,506,0,6940,0,0,0.0137771,0,1,0
9,506,0,6940,0,0,0.0155977,0,1,0
10,505.994,0,6940,0,0,-0.0156754,0,1,0
11,505.994,0,6940,0.000206198,0.00075403,-0.0145514,0,1,0
12,505.994,0,6940,4.42939e-005,0.000646455,-0.00960871,0,1,0
13,505.994,0,6940,7.79804e-006,0.000649736,-0.00493244,0,1,0
14,505.992,0,6940,-1.33308e-005,0.000649494,-5.761e-005,0,1,0
15,505.988,0,6940,-3.15122e-005,0.000665747,0.00477748,0,1,0
16,505.986,0,6940,-7.19359e-005,0.000692375,0.00955991,0,1,0
17,505.987,0,6940,-0.000170294,0.000753644,0.0144029,0,1,0
18,505.987,0,6940,0,0,0.0169564,0,1,0
19,505.992,0,6940,0,0,-0.0165251,0,1,0
20,505.992,0,6940,0.000152919,0.000828224,-0.0153004,0,1,0
21,505.988,0,6940,7.0824e-005,0.000750507,-0.00957825,0,1,0
22,505.981,0,6940,1.20829e-005,0.000787981,-0.004918,0,1,0
23,505.975,0,6940,-1.871e-005,0.000779082,2.44006e-005,0,1,0
24,505.971,0,6940,-4.23456e-005,0.00077715,0.00490354,0,1,0
25,505.973,0,6940,-7.77828e-005,0.000762448,0.0098368,0,1,0
26,505.976,0,6940,-0.00010838,0.000730958,0.0149413,0,1,0
27,505.976,0,6940,0,0,0.0177017,0,1,0
28,505.984,0,6940,0,0,-0.0168214,0,1,0
29,505.984,0,6940,4.83486e-005,0.000800953,-0.0154911,0,1,0
30,505.977,0,6940,3.19417e-005,0.000728791,-0.00960112,0,1,0
31,505.965,0,6940,3.36836e-006,0.000784667,-0.00487017,0,1,0
32,505.952,0,6940,-1.40486e-005,0.000777333,8.83959e-005,0,1,0
33,505.948,0,6940,-2.35617e-005,0.000765598,0.00498599,0,1,0
34,505.953,0,6940,-2.93919e-005,0.000736515,0.00994545,0,1,0
35,505.96,0,6940,-2.7726e-005,0.00070763,0.0150925,0,1,0
36,505.96,0,6940,0,0,0.0178565,0,1,0
37,505.958,0,6940,0,0,-0.0167631,0,1,0
38,505.958,0,6940,-3.45101e-005,0.00078185,-0.0154238,0,1,0
39,505.954,0,6940,-2.22855e-005,0.000710926,-0.00957456,0,1,0
40,505.942,0,6940,-1.32879e-005,0.000768511,-0.00482897,0,1,0
41,505.927,0,6940,-5.53414e-006,0.000761815,0.000111588,0,1,0
42,505.919,0,6940,5.66919e-006,0.000745886,0.00498168,0,1,0
43,505.922,0,6940,2.32359e-005,0.000714728,0.00989656,0,1,0
44,505.929,0,6940,3.9711e-005,0.000691695,0.0149841,0,1,0
45,505.929,0,6940,0,0,0.0177029,0,1,0
46,505.904,0,6940,0,0,-0.0164551,0,1,0
47,505.904,0,6940,-0.000110659,0.000769599,-0.0151465,0,1,0
48,505.911,0,6940,-7.58005e-005,0.000704564,-0.00946359,0,1,0
49,505.909,0,6940,-3.0514e-005,0.000760043,-0.0047878,0,1,0
50,505.893,0,6940,4.40213e-006,0.000751922,9.34091e-005,0,1,0
51,505.877,0,6940,3.66374e-005,0.00073328,0.00489471,0,1,0
52,505.872,0,6940,7.37915e-005,0.000700173,0.00971213,0,1,0
53,505.875,0,6940,9.9775e-005,0.000677519,0.0146739,0,1,0
54,505.875,0,6940,0,0,0.0173168,0,1,0
55,505.807,0,6940,0,0,-0.0158905,0,1,0
56,505.807,0,6940,-0.000188617,0.000751643,-0.0146503,0,1,0
57,505.841,0,6940,-0.000120213,0.000694759,-0.00928864,0,1,0
58,505.859,0,6940,-4.24761e-005,0.000741836,-0.00474599,0,1,0
59,505.836,0,6940,1.42666e-005,0.000730313,3.62638e-005,0,1,0
60,505.805,0,6940,6.49716e-005,0.000711496,0.00472696,0,1,0
61,505.79,0,6940,0.000120955,0.000680926,0.00939825,0,1,0
62,505.794,0,6940,0.000157484,0.000659172,0.0141786,0,1,0
63,505.794,0,6940,0,0,0.0167154,0,1,0
64,505.657,0,6940,0,0,-0.0150159,0,1,0
65,505.657,0,6940,-0.000254468,0.000702532,-0.0138974,0,1,0
66,505.74,0,6940,-0.000132558,0.000643261,-0.00908559,0,1,0
67,505.782,0,6940,-4.08909e-005,0.000666502,-0.00469281,0,1,0
68,505.732,0,6940,2.0985e-005,0.000650015,-4.3654e-005,0,1,0
69,505.677,0,6940,7.86225e-005,0.000639032,0.00449735,0,1,0
70,505.665,0,6940,0.00015095,0.000632868,0.0089776,0,1,0
71,505.68,0,6940,0.000208081,0.000628603,0.0135171,0,1,0
72,505.68,0,6940,0,0,0.0158999,0,1,0
73,505.471,0,6940,0,0,-0.013876,0,1,0
74,505.471,0,6940,-0.000217269,0.000535046,-0.0128256,0,1,0
75,505.589,0,6940,-6.84249e-005,0.000442809,-0.00884549,0,1,0
76,505.646,0,6940,-2.0611e-005,0.000439504,-0.00459439,0,1,0
77,505.553,0,6940,1.85474e-005,0.000421701,-0.000100294,0,1,0
78,505.483,0,6940,5.4175e-005,0.00043023,0.0043032,0,1,0
79,505.491,0,6940,0.000111937,0.000478713,0.00856939,0,1,0
80,505.516,0,6940,0.000211141,0.000571173,0.0127536,0,1,0
81,505.516,0,6940,0,0,0.0148374,0,1,0
82,505.275,0,6940,0,0,-0.0131291,0,1,0
83,505.275,0,6940,-2.7314e-008,2.37482e-008,-0.0120482,0,1,0
84,505.318,0,6940,-3.98876e-009,8.07279e-009,-0.00875438,0,1,0
85,505.342,0,6940,-2.6253e-009,-9.1032e-009,-0.00453652,0,1,0
86,505.303,0,6940,9.71014e-010,-1.05507e-008,-0.000103967,0,1,0
87,505.269,0,6940,3.37983e-009,-2.10217e-009,0.0043031,0,1,0
88,505.27,0,6940,1.22724e-008,2.37808e-008,0.00854931,0,1,0
89,505.281,0,6940,3.2104e-008,5.77022e-008,0.0122449,0,1,0
90,505.281,0,6940,0,0,0.0137269,0,1,0
91,505.003,0,6940,0,0,-0.0120412,0,0.930576,0
92,505.003,0,6940,-2.40659e-026,2.76233e-027,-0.0107493,0,0.930576,0
93,505.003,0,6940,-1.43139e-026,-7.76111e-027,-0.00795229,0,0.930884,0
94,505.003,0,6940,-6.78473e-027,-1.76615e-026,-0.0042065,0,0.931157,0
95,505.003,0,6940,-3.06292e-027,-2.0843e-026,-6.23483e-005,0,0.931076,0
96,505.003,0,6940,1.70762e-027,-1.32817e-026,0.00412515,0,0.930788,0
97,505.003,0,6940,1.28116e-026,2.66217e-027,0.00799188,0,0.9306,0
98,505.003,0,6940,2.83208e-026,1.60002e-026,0.0107549,0,0.930558,0
99,505.003,0,6940,0,0,0.0111322,0,0.930558,0
100,502,0,6940,0,0,-0.0106467,0,0,0
101,502,0,6940,0,0,-0.00846155,0,0,0
102,502,0,6940,0,0,-0.00612225,0,0,0
103,502,0,6940,0,0,-0.0029863,0,0,0
104,502,0,6940,0,0,0.000405641,0,0,0
105,502,0,6940,0,0,0.0037688,0,0,0
106,502,0,6940,0,0,0.00673431,0,0,0
107,502,0,6940,0,0,0.00848348,0,0,0
108,502,0,6940,0,0,0.00766088,0,0,0
1,506,0,6940,0,0,-0.0154465,0,1,0
2,506,0,6940,0,0,-0.0141141,0,1,0
3,506,0,6940,0,0,-0.0100545,0,1,0
4,506,0,6940,0,0,-0.00506419,0,1,0
5,506,0,6940,0,0,-1.39826e-005,0,1,0
6,506,0,6940,0,0,0.00503961,0,1,0
7,506,0,6940,0,0,0.0100105,0,1,0
8,506,0,6940,0,0,0.0145083,0,1,0
9,506,0,6940,0,0,0.0164194,0,1,0
10,505.992,0,6940,0,0,-0.0162763,0,1,0
11,505.992,0,6940,0.000244098,0.000783349,-0.0151254,0,1,0
12,505.99,0,6940,4.67258e-005,0.000656119,-0.00994799,0,1,0
13,505.988,0,6940,7.93885e-006,0.000662374,-0.00509429,0,1,0
14,505.985,0,6940,-1.6629e-005,0.000661996,-1.30035e-005,0,1,0
15,505.983,0,6940,-3.69056e-005,0.00068182,0.00502533,0,1,0
16,505.983,0,6940,-8.43017e-005,0.000713326,0.0100231,0,1,0
17,505.983,0,6940,-0.000197601,0.000788351,0.0151179,0,1,0
18,505.983,0,6940,0,0,0.0178305,0,1,0
19,505.977,0,6940,0,0,-0.0171028,0,1,0
20,505.977,0,6940,0.000176762,0.000873646,-0.0158401,0,1,0
21,505.976,0,6940,7.81649e-005,0.000785726,-0.00983211,0,1,0
22,505.973,0,6940,1.13867e-005,0.000838482,-0.00507928,0,1,0
23,505.969,0,6940,-2.22474e-005,0.000826684,6.95498e-005,0,1,0
24,505.965,0,6940,-4.77483e-005,0.000823746,0.00513618,0,1,0
25,505.963,0,6940,-8.82482e-005,0.000801857,0.0102822,0,1,0
26,505.962,0,6940,-0.000120049,0.000759133,0.0156116,0,1,0
27,505.962,0,6940,0,0,0.0185175,0,1,0
28,505.952,0,6940,0,0,-0.0173189,0,1,0
29,505.952,0,6940,3.93436e-005,0.000838221,-0.0159386,0,1,0
30,505.953,0,6940,2.41369e-005,0.000760637,-0.00978885,0,1,0
31,505.951,0,6940,-2.36342e-006,0.000840393,-0.00501507,0,1,0
32,505.947,0,6940,-1.50413e-005,0.000832947,0.000118279,0,1,0
33,505.941,0,6940,-2.0264e-005,0.000817906,0.00518891,0,1,0
34,505.936,0,6940,-2.22915e-005,0.000775279,0.0103469,0,1,0
35,505.934,0,6940,-1.64511e-005,0.000732111,0.0156936,0,1,0
36,505.934,0,6940,0,0,0.018583,0,1,0
37,505.91,0,6940,0,0,-0.0171603,0,1,0
38,505.91,0,6940,-7.0587e-005,0.00081175,-0.0157759,0,1,0
39,505.914,0,6940,-5.09278e-005,0.000735478,-0.00972047,0,1,0
40,505.916,0,6940,-2.7035e-005,0.000817276,-0.00496547,0,1,0
41,505.913,0,6940,-3.53592e-006,0.000812685,0.000108237,0,1,0
42,505.906,0,6940,2.07686e-005,0.000793491,0.00513133,0,1,0
43,505.899,0,6940,4.96875e-005,0.000748709,0.0102306,0,1,0
44,505.895,0,6940,7.18827e-005,0.000712541,0.0154998,0,1,0
45,505.895,0,6940,0,0,0.0183293,0,1,0
46,505.845,0,6940,0,0,-0.0167514,0,1,0
47,505.845,0,6940,-0.000170367,0.000795257,-0.0154061,0,1,0
48,505.851,0,6940,-0.000123588,0.00072347,-0.00957312,0,1,0
49,505.857,0,6940,-5.10521e-005,0.000797847,-0.00492723,0,1,0
50,505.86,0,6940,1.02253e-005,0.000790968,3.85236e-005,0,1,0
51,505.854,0,6940,6.31773e-005,0.000770145,0.00497033,0,1,0
52,505.845,0,6940,0.000117325,0.000726762,0.00996362,0,1,0
53,505.841,0,6940,0.000149361,0.000694503,0.0150986,0,1,0
54,505.841,0,6940,0,0,0.0178415,0,1,0
55,505.752,0,6940,0,0,-0.0160849,0,1,0
56,505.752,0,6940,-0.000268405,0.000773623,-0.0148175,0,1,0
57,505.752,0,6940,-0.000178724,0.000701374,-0.00936614,0,1,0
58,505.761,0,6940,-6.4232e-005,0.000755141,-0.00489968,0,1,0
59,505.776,0,6940,2.51828e-005,0.000745498,-9.21293e-005,0,1,0
60,505.778,0,6940,0.000100011,0.000729843,0.00471855,0,1,0
61,505.77,0,6940,0.000176295,0.000695949,0.00957339,0,1,0
62,505.762,0,6940,0.000219361,0.000670331,0.0145249,0,1,0
63,505.762,0,6940,0,0,0.0171493,0,1,0
64,505.633,0,6940,0,0,-0.0151048,0,1,0
65,505.633,0,6940,-0.000337645,0.000713369,-0.0139639,0,1,0
66,505.608,0,6940,-0.000180948,0.000613816,-0.00912547,0,1,0
67,505.603,0,6940,-5.57131e-005,0.000625173,-0.00485214,0,1,0
68,505.651,0,6940,3.4603e-005,0.00062324,-0.000249936,0,1,0
69,505.677,0,6940,0.00011327,0.000630138,0.00442775,0,1,0
70,505.66,0,6940,0.000207744,0.000630271,0.00911854,0,1,0
71,505.643,0,6940,0.000273484,0.000629486,0.013827,0,1,0
72,505.643,0,6940,0,0,0.0162761,0,1,0
73,505.481,0,6940,0,0,-0.0138896,0,1,0
74,505.481,0,6940,-0.000262066,0.00051748,-0.0128028,0,1,0
75,505.42,0,6940,-8.08371e-005,0.000361097,-0.00882751,0,1,0
76,505.38,0,6940,-2.65673e-005,0.000330394,-0.00472945,0,1,0
77,505.483,0,6940,2.50525e-005,0.000351918,-0.000320672,0,1,0
78,505.537,0,6940,7.33056e-005,0.000394399,0.00424272,0,1,0
79,505.493,0,6940,0.000149022,0.000452628,0.00873784,0,1,0
80,505.471,0,6940,0.000262682,0.000566516,0.0130926,0,1,0
81,505.471,0,6940,0,0,0.0152264,0,1,0
82,505.247,0,6940,0,0,-0.0131426,0,1,0
83,505.247,0,6940,-1.30512e-008,8.57979e-009,-0.0120583,0,1,0
84,505.227,0,6940,-1.61435e-009,-1.82535e-009,-0.00877009,0,1,0
85,505.213,0,6940,-1.99766e-009,-1.19238e-008,-0.00465052,0,1,0
86,505.253,0,6940,-4.70501e-010,-1.04136e-008,-0.000249152,0,1,0
87,505.275,0,6940,1.57803e-009,-4.40669e-009,0.00429545,0,1,0
88,505.259,0,6940,6.6448e-009,8.66763e-009,0.00876323,0,1,0
89,505.248,0,6940,1.64799e-008,2.66069e-008,0.0126361,0,1,0
90,505.248,0,6940,0,0,0.0141332,0,1,0
91,505.003,0,6940,0,0,-0.0120497,0,0.904807,0
92,505.003,0,6940,-2.25454e-026,3.02007e-028,-0.0107612,0,0.904807,0
93,505.003,0,6940,-1.31733e-026,-1.27423e-026,-0.00800098,0,0.905033,0
94,505.003,0,6940,-7.30983e-027,-2.44239e-026,-0.00429158,0,0.905294,0
95,505.003,0,6940,-4.66226e-027,-2.82117e-026,-0.000118388,0,0.905353,0
96,505.003,0,6940,6.50411e-028,-1.99663e-026,0.00417871,0,0.905172,0
97,505.003,0,6940,1.26944e-026,-2.40884e-027,0.00818824,0,0.904946,0
98,505.003,0,6940,2.85952e-026,1.335e-026,0.0110548,0,0.904842,0
99,505.003,0,6940,0,0,0.0114448,0,0.904842,0
100,502,0,6940,0,0,-0.0106431,0,0,0
101,502,0,6940,0,0,-0.00845837,0,0,0
102,502,0,6940,0,0,-0.0061488,0,0,0
103,502,0,6940,0,0,-0.00304567,0,0,0
104,502,0,6940,0,0,0.000365718,0,0,0
105,502,0,6940,0,0,0.00381452,0,0,0
106,502,0,6940,0,0,0.00688516,0,0,0
107,502,0,6940,0,0,0.00869918,0,0,0
108,502,0,6940,0,0,0.00786304,0,0,0
1,506,0,6940,0,0,-0.0156199,0,1,0
2,506,0,6940,0,0,-0.0142837,0,1,0
3,506,0,6940,0,0,-0.0101748,0,1,0
4,506,0,6940,0,0,-0.00513427,0,1,0
5,506,0,6940,0,0,-3.7559e-005,0,1,0
6,506,0,6940,0,0,0.00506916,0,1,0
7,506,0,6940,0,0,0.0101086,0,1,0
8,506,0,6940,0,0,0.0146919,0,1,0
9,506,0,6940,0,0,0.0166335,0,1,0
10,505.983,0,6940,0,0,-0.0164384,0,1,0
11,505.983,0,6940,0.000264544,0.000794466,-0.0152866,0,1,0
12,505.983,0,6940,4.5862e-005,0.000659043,-0.0100512,0,1,0
13,505.982,0,6940,7.87615e-006,0.000668328,-0.0051672,0,1,0
14,505.98,0,6940,-1.79903e-005,0.000667917,-4.12799e-005,0,1,0
15,505.978,0,6940,-3.86271e-005,0.000688819,0.00504297,0,1,0
16,505.978,0,6940,-9.00576e-005,0.000721832,0.0101003,0,1,0
17,505.977,0,6940,-0.000211602,0.000803517,0.0152816,0,1,0
18,505.977,0,6940,0,0,0.0180585,0,1,0
19,505.959,0,6940,0,0,-0.0172211,0,1,0
20,505.959,0,6940,0.000183906,0.000894848,-0.015949,0,1,0
21,505.959,0,6940,7.72511e-005,0.000806947,-0.0098746,0,1,0
22,505.958,0,6940,9.28446e-006,0.000872976,-0.00515654,0,1,0
23,505.957,0,6940,-2.285e-005,0.000859958,3.41397e-005,0,1,0
24,505.956,0,6940,-4.70286e-005,0.000855737,0.005133,0,1,0
25,505.954,0,6940,-8.95981e-005,0.000826665,0.0103398,0,1,0
26,505.952,0,6940,-0.000121247,0.000772178,0.015739,0,1,0
27,505.952,0,6940,0,0,0.0186971,0,1,0
28,505.923,0,6940,0,0,-0.0173603,0,1,0
29,505.923,0,6940,1.91548e-005,0.000853072,-0.0159645,0,1,0
30,505.923,0,6940,7.19617e-006,0.000779843,-0.00978042,0,1,0
31,505.924,0,6940,-1.11953e-005,0.000879608,-0.00508554,0,1,0
32,505.926,0,6940,-1.35311e-005,0.000873755,5.96506e-005,0,1,0
33,505.927,0,6940,-1.06316e-005,0.000856288,0.00514947,0,1,0
34,505.925,0,6940,-7.1605e-006,0.000801724,0.0103615,0,1,0
35,505.921,0,6940,1.77227e-006,0.0007436,0.0157638,0,1,0
36,505.921,0,6940,0,0,0.0186926,0,1,0
37,505.87,0,6940,0,0,-0.0171202,0,1,0
38,505.87,0,6940,-0.000113716,0.000820013,-0.015726,0,1,0
39,505.869,0,6940,-8.81367e-005,0.000747994,-0.00968508,0,1,0
40,505.873,0,6940,-4.53311e-005,0.000848981,-0.00503626,0,1,0
41,505.88,0,6940,5.73702e-008,0.000847905,1.06818e-005,0,1,0
42,505.884,0,6940,4.18383e-005,0.000826783,0.00503516,0,1,0
43,505.883,0,6940,8.30739e-005,0.000770512,0.010179,0,1,0
44,505.879,0,6940,0.000108432,0.000720838,0.0154939,0,1,0
45,505.879,0,6940,0,0,0.0183539,0,1,0
46,505.792,0,6940,0,0,-0.0166382,0,1,0
47,505.792,0,6940,-0.000232453,0.000798917,-0.0152914,0,1,0
48,505.792,0,6940,-0.000178123,0.000729228,-0.00952175,0,1,0
49,505.797,0,6940,-7.69225e-005,0.000816449,-0.00500596,0,1,0
50,505.81,0,6940,1.68133e-005,0.000811974,-0.000108132,0,1,0
51,505.821,0,6940,9.52547e-005,0.000790568,0.00480201,0,1,0
52,505.824,0,6940,0.000166397,0.000739284,0.00983109,0,1,0
53,505.821,0,6940,0.000200183,0.00069829,0.0150098,0,1,0
54,505.821,0,6940,0,0,0.0177784,0,1,0
55,505.69,0,6940,0,0,-0.0159039,0,1,0
56,505.69,0,6940,-0.000343534,0.00077176,-0.0146486,0,1,0
57,505.694,0,6940,-0.000239748,0.000694315,-0.0093053,0,1,0
58,505.687,0,6940,-9.13246e-005,0.000747317,-0.00497828,0,1,0
59,505.7,0,6940,3.62186e-005,0.000738478,-0.000287795,0,1,0
60,505.728,0,6940,0.000139959,0.000727261,0.0044746,0,1,0
61,505.742,0,6940,0.00023461,0.000694053,0.00936432,0,1,0
62,505.742,0,6940,0.00027771,0.000668269,0.0143697,0,1,0
63,505.742,0,6940,0,0,0.017019,0,1,0
64,505.572,0,6940,0,0,-0.0148603,0,1,0
65,505.572,0,6940,-0.000405815,0.000698203,-0.0137335,0,1,0
66,505.582,0,6940,-0.000226011,0.00058035,-0.00903312,0,1,0
67,505.53,0,6940,-7.45152e-005,0.000570605,-0.0048822,0,1,0
68,505.534,0,6940,4.84629e-005,0.000569704,-0.000465781,0,1,0
69,505.601,0,6940,0.000151505,0.000595365,0.00413195,0,1,0
70,505.633,0,6940,0.000263171,0.000611936,0.00887264,0,1,0
71,505.631,0,6940,0.000328952,0.000620322,0.0136476,0,1,0
72,505.631,0,6940,0,0,0.0161386,0,1,0
73,505.426,0,6940,0,0,-0.0136197,0,1,0
74,505.426,0,6940,-0.000291704,0.000482137,-0.0125318,0,1,0
75,505.467,0,6940,-9.02552e-005,0.000310978,-0.00865084,0,1,0
76,505.329,0,6940,-3.26066e-005,0.000237792,-0.00468639,0,1,0
77,505.311,0,6940,3.11526e-005,0.000254781,-0.000508372,0,1,0
78,505.447,0,6940,9.1856e-005,0.000340049,0.00395614,0,1,0
79,505.48,0,6940,0.000182188,0.000425894,0.00852683,0,1,0
80,505.459,0,6940,0.000300924,0.000556429,0.0129711,0,1,0
81,505.459,0,6940,0,0,0.0151184,0,1,0
82,505.224,0,6940,0,0,-0.0128962,0,1,0
83,505.224,0,6940,-7.34127e-009,4.59976e-009,-0.0118245,0,1,0
84,505.229,0,6940,-7.67484e-010,-7.39239e-010,-0.00859702,0,1,0
85,505.176,0,6940,-9.99867e-010,-7.52923e-009,-0.00461948,0,1,0
86,505.172,0,6940,-5.67782e-010,-8.15216e-009,-0.000389398,0,1,0
87,505.227,0,6940,5.88213e-010,-4.31549e-009,0.00408403,0,1,0
88,505.244,0,6940,3.85426e-009,4.14655e-009,0.00861641,0,1,0
89,505.237,0,6940,9.57224e-009,1.49908e-008,0.0125681,0,1,0
90,505.237,0,6940,0,0,0.0140466,0,1,0
91,505.003,0,6940,0,0,-0.0118204,0,0.878774,0
92,505.003,0,6940,-2.21679e-026,9.47552e-028,-0.0105579,0,0.878774,0
93,505.003,0,6940,-1.23638e-026,-1.18898e-026,-0.00787276,0,0.878938,0
94,505.003,0,6940,-6.48159e-027,-2.43536e-026,-0.00427857,0,0.879026,0
95,505.003,0,6940,-4.89519e-027,-2.97001e-026,-0.000209592,0,0.879072,0
96,505.003,0,6940,-3.66163e-028,-2.23839e-026,0.00404504,0,0.879092,0
97,505.003,0,6940,1.20441e-026,-4.38681e-027,0.00806507,0,0.878997,0
98,505.003,0,6940,2.85035e-026,1.24864e-026,0.0109493,0,0.878896,0
99,505.003,0,6940,0,0,0.0113412,0,0.878896,0
100,502,0,6940,0,0,-0.0104461,0,0,0
101,502,0,6940,0,0,-0.00830577,0,0,0
102,502,0,6940,0,0,-0.00605095,0,0,0
103,502,0,6940,0,0,-0.00303024,0,0,0
104,502,0,6940,0,0,0.000298849,0,0,0
105,502,0,6940,0,0,0.00370445,0,0,0
106,502,0,6940,0,0,0.00677688,0,0,0
107,502,0,6940,0,0,0.00860771,0,0,0
108,502,0,6940,0,0,0.00778891,0,0,0
1,506,0,6940,0,0,-0.0155489,0,1,0
2,506,0,6940,0,0,-0.0142206,0,1,0
3,506,0,6940,0,0,-0.0101146,0,1,0
4,506,0,6940,0,0,-0.0050852,0,1,0
5,506,0,6940,0,0,-4.1898e-006,0,1,0
6,506,0,6940,0,0,0.00509232,0,1,0
7,506,0,6940,0,0,0.0101362,0,1,0
8,506,0,6940,0,0,0.0147426,0,1,0
9,506,0,6940,0,0,0.0166933,0,1,0
10,505.973,0,6940,0,0,-0.0163527,0,1,0
11,505.973,0,6940,0.000273095,0.000799649,-0.015209,0,1,0
12,505.974,0,6940,4.31612e-005,0.000663405,-0.00998016,0,1,0
13,505.974,0,6940,7.52774e-006,0.00067597,-0.00511931,0,1,0
14,505.974,0,6940,-1.76027e-005,0.000675587,-1.07942e-005,0,1,0
15,505.974,0,6940,-3.71937e-005,0.000695672,0.00505871,0,1,0
16,505.973,0,6940,-9.07672e-005,0.000727437,0.0101153,0,1,0
17,505.973,0,6940,-0.000217191,0.000810722,0.0153187,0,1,0
18,505.973,0,6940,0,0,0.0181217,0,1,0
19,505.94,0,6940,0,0,-0.0170898,0,1,0
20,505.94,0,6940,0.000179021,0.000904486,-0.015818,0,1,0
21,505.94,0,6940,6.97379e-005,0.000822625,-0.00976029,0,1,0
22,505.94,0,6940,5.48006e-006,0.000900766,-0.00511344,0,1,0
23,505.943,0,6940,-2.12163e-005,0.000888466,5.33864e-005,0,1,0
24,505.945,0,6940,-4.10769e-005,0.000882828,0.00512641,0,1,0
25,505.946,0,6940,-8.36171e-005,0.000846473,0.0103378,0,1,0
26,505.945,0,6940,-0.000115641,0.000780179,0.0157536,0,1,0
27,505.945,0,6940,0,0,0.0187306,0,1,0
28,505.895,0,6940,0,0,-0.0171667,0,1,0
29,505.895,0,6940,-7.86896e-006,0.000857353,-0.0157678,0,1,0
30,505.892,0,6940,-1.70017e-005,0.000793053,-0.00963083,0,1,0
31,505.894,0,6940,-2.37065e-005,0.000909744,-0.00504125,0,1,0
32,505.901,0,6940,-1.10617e-005,0.000907847,5.13048e-005,0,1,0
33,505.909,0,6940,3.89094e-006,0.000889021,0.00510287,0,1,0
34,505.913,0,6940,1.43503e-005,0.000823919,0.0103179,0,1,0
35,505.911,0,6940,2.44949e-005,0.000751031,0.0157321,0,1,0
36,505.911,0,6940,0,0,0.0186733,0,1,0
37,505.834,0,6940,0,0,-0.0168711,0,1,0
38,505.834,0,6940,-0.000158919,0.000819264,-0.015479,0,1,0
39,505.826,0,6940,-0.000130985,0.000754688,-0.00952114,0,1,0
40,505.829,0,6940,-6.89435e-005,0.00087043,-0.00499615,0,1,0
41,505.841,0,6940,2.45629e-006,0.00087497,-3.71108e-005,0,1,0
42,505.858,0,6940,6.65377e-005,0.000853575,0.00492949,0,1,0
43,505.867,0,6940,0.00012169,0.00078777,0.0100683,0,1,0
44,505.867,0,6940,0.000147656,0.000725207,0.0153924,0,1,0
45,505.867,0,6940,0,0,0.0182608,0,1,0
46,505.752,0,6940,0,0,-0.016347,0,1,0
47,505.752,0,6940,-0.000291024,0.000795034,-0.015011,0,1,0
48,505.743,0,6940,-0.00023418,0.000728745,-0.00935551,0,1,0
49,505.742,0,6940,-0.000109496,0.000822852,-0.00496831,0,1,0
50,505.755,0,6940,1.93527e-005,0.000822766,-0.00019446,0,1,0
51,505.781,0,6940,0.000129677,0.000802873,0.00462585,0,1,0
52,505.802,0,6940,0.0002198,0.000745922,0.00963749,0,1,0
53,505.808,0,6940,0.000251352,0.000697583,0.0148305,0,1,0
54,505.808,0,6940,0,0,0.0176079,0,1,0
55,505.647,0,6940,0,0,-0.0155658,0,1,0
56,505.647,0,6940,-0.000407709,0.000762892,-0.0143536,0,1,0
57,505.658,0,6940,-0.00029801,0.00068302,-0.00915714,0,1,0
58,505.634,0,6940,-0.000126951,0.000727873,-0.00490744,0,1,0
59,505.621,0,6940,4.00835e-005,0.000719319,-0.000387913,0,1,0
60,505.662,0,6940,0.000181623,0.000713735,0.00422963,0,1,0
61,505.718,0,6940,0.000296625,0.000685217,0.00908355,0,1,0
62,505.726,0,6940,0.000332313,0.000659718,0.0141291,0,1,0
63,505.726,0,6940,0,0,0.0168091,0,1,0
64,505.509,0,6940,0,0,-0.0145236,0,1,0
65,505.509,0,6940,-0.000457106,0.000666992,-0.0134278,0,1,0
66,505.622,0,6940,-0.000266662,0.000558954,-0.00883202,0,1,0
67,505.515,0,6940,-0.000101111,0.000520273,-0.0047066,0,1,0
68,505.401,0,6940,5.56439e-005,0.000501272,-0.000514035,0,1,0
69,505.492,0,6940,0.000191965,0.000546567,0.00384544,0,1,0
70,505.607,0,6940,0.000319854,0.000585057,0.00851989,0,1,0
71,505.618,0,6940,0.000376399,0.000601346,0.0134316,0,1,0
72,505.618,0,6940,0,0,0.0159142,0,1,0
73,505.374,0,6940,0,0,-0.0132858,0,1,0
74,505.374,0,6940,-0.000310718,0.000439841,-0.0122301,0,1,0
75,505.585,0,6940,-0.000101987,0.000294288,-0.00838201,0,1,0
76,505.382,0,6940,-3.79493e-005,0.000180252,-0.00439534,0,1,0
77,505.086,0,6940,3.58487e-005,0.000138815,-0.000477391,0,1,0
78,505.296,0,6940,0.000108959,0.000270432,0.00368367,0,1,0
79,505.478,0,6940,0.000212576,0.000404369,0.0082308,0,1,0
80,505.46,0,6940,0.000331418,0.000544678,0.0127909,0,1,0
81,505.46,0,6940,0,0,0.01492,0,1,0
82,505.224,0,6940,0,0,-0.0125995,0,1,0
83,505.224,0,6940,-4.59794e-009,2.92769e-009,-0.0115542,0,1,0
84,505.254,0,6940,-4.28368e-010,-2.23036e-010,-0.00830145,0,1,0
85,505.178,0,6940,-2.97031e-010,-4.32278e-009,-0.00437748,0,1,0
86,505.075,0,6940,-3.99233e-010,-6.01524e-009,-0.000348698,0,1,0
87,505.152,0,6940,3.13166e-011,-3.78641e-009,0.00390915,0,1,0
88,505.23,0,6940,2.33824e-009,2.33156e-009,0.00842394,0,1,0
89,505.238,0,6940,6.06911e-009,9.57845e-009,0.0124037,0,1,0
90,505.238,0,6940,0,0,0.0138719,0,1,0
91,505.003,0,6940,0,0,-0.0115379,0,0.852621,0
92,505.003,0,6940,-2.21691e-026,1.72136e-027,-0.0102779,0,0.852621,0
93,505.003,0,6940,-1.17337e-026,-1.04577e-026,-0.00762117,0,0.852768,0
94,505.003,0,6940,-5.02545e-027,-2.27768e-026,-0.00411592,0,0.852494,0
95,505.003,0,6940,-4.30437e-027,-2.90391e-026,-0.00018734,0,0.852192,0
96,505.003,0,6940,-1.35888e-027,-2.29271e-026,0.00395609,0,0.852423,0
97,505.003,0,6940,1.11386e-026,-4.98041e-027,0.00792248,0,0.852725,0
98,505.003,0,6940,2.83888e-026,1.24754e-026,0.0107855,0,0.85278,0
99,505.003,0,6940,0,0,0.01117,0,0.85278,0
100,502,0,6940,0,0,-0.0101841,0,0,0
101,502,0,6940,0,0,-0.00808498,0,0,0
102,502,0,6940,0,0,-0.00585578,0,0,0
103,502,0,6940,0,0,-0.00290191,0,0,0
104,502,0,6940,0,0,0.00032032,0,0,0
105,502,0,6940,0,0,0.00362766,0,0,0
106,502,0,6940,0,0,0.00665344,0,0,0
107,502,0,6940,0,0,0.00847672,0,0,0
108,502,0,6940,0,0,0.0076743,0,0,0
1,506,0,6940,0,0,-0.0156317,0,1,0
2,506,0,6940,0,0,-0.0143108,0,1,0
3,506,0,6940,0,0,-0.0102165,0,1,0
4,506,0,6940,0,0,-0.00520697,0,1,0
5,506,0,6940,0,0,-0.000151563,0,1,0
6,506,0,6940,0,0,0.00492052,0,1,0
7,506,0,6940,0,0,0.00994814,0,1,0
8,506,0,6940,0,0,0.0145524,0,1,0
9,506,0,6940,0,0,0.0165043,0,1,0
10,505.963,0,6940,0,0,-0.0164257,0,1,0
11,505.963,0,6940,0.000275196,0.000802354,-0.0152889,0,1,0
12,505.964,0,6940,3.99257e-005,0.000668534,-0.0100762,0,1,0
13,505.964,0,6940,6.73534e-006,0.00068407,-0.00524117,0,1,0
14,505.966,0,6940,-1.68766e-005,0.00068422,-0.000157829,0,1,0
15,505.968,0,6940,-3.46438e-005,0.000703306,0.00488539,0,1,0
16,505.968,0,6940,-8.86785e-005,0.000732788,0.00992255,0,1,0
17,505.968,0,6940,-0.000217794,0.000814724,0.0151215,0,1,0
18,505.968,0,6940,0,0,0.0179333,0,1,0
19,505.923,0,6940,0,0,-0.0171359,0,1,0
20,505.923,0,6940,0.000169181,0.000908206,-0.0158635,0,1,0
21,505.924,0,6940,5.98023e-005,0.000833833,-0.00983522,0,1,0
22,505.923,0,6940,6.3446e-007,0.000921596,-0.00523923,0,1,0
23,505.924,0,6940,-1.99494e-005,0.00091047,-9.54292e-005,0,1,0
24,505.926,0,6940,-3.43078e-005,0.000903807,0.00494489,0,1,0
25,505.931,0,6940,-7.45373e-005,0.000862097,0.0101371,0,1,0
26,505.935,0,6940,-0.000106331,0.000785928,0.0155424,0,1,0
27,505.935,0,6940,0,0,0.0185226,0,1,0
28,505.871,0,6940,0,0,-0.0171849,0,1,0
29,505.871,0,6940,-3.40527e-005,0.000856531,-0.0157852,0,1,0
30,505.871,0,6940,-4.11431e-005,0.000801997,-0.00970447,0,1,0
31,505.873,0,6940,-3.68292e-005,0.000930648,-0.00517457,0,1,0
32,505.874,0,6940,-1.01823e-005,0.000931229,-0.000108546,0,1,0
33,505.873,0,6940,1.69432e-005,0.000909704,0.0049096,0,1,0
34,505.881,0,6940,3.56855e-005,0.000837408,0.0100968,0,1,0
35,505.891,0,6940,4.8033e-005,0.000754428,0.0154847,0,1,0
36,505.891,0,6940,0,0,0.0184182,0,1,0
37,505.801,0,6940,0,0,-0.0168766,0,1,0
38,505.801,0,6940,-0.000197787,0.000814035,-0.0154919,0,1,0
39,505.803,0,6940,-0.000168521,0.000758823,-0.00962444,0,1,0
40,505.812,0,6940,-9.06152e-005,0.000883648,-0.00515436,0,1,0
41,505.813,0,6940,2.62644e-006,0.000889386,-0.000217063,0,1,0
42,505.813,0,6940,8.69903e-005,0.000864859,0.00472144,0,1,0
43,505.814,0,6940,0.000155913,0.000790437,0.00982696,0,1,0
44,505.821,0,6940,0.000183651,0.000719489,0.0150999,0,1,0
45,505.821,0,6940,0,0,0.0179393,0,1,0
46,505.713,0,6940,0,0,-0.0163525,0,1,0
47,505.713,0,6940,-0.000337062,0.000787058,-0.0150375,0,1,0
48,505.713,0,6940,-0.000275403,0.000722524,-0.00951321,0,1,0
49,505.725,0,6940,-0.000134874,0.000815663,-0.00516311,0,1,0
50,505.724,0,6940,1.80321e-005,0.000815643,-0.000392844,0,1,0
51,505.74,0,6940,0.000154903,0.000798545,0.00440794,0,1,0
52,505.744,0,6940,0.000265054,0.000736327,0.00938791,0,1,0
53,505.743,0,6940,0.000293387,0.000683291,0.0145123,0,1,0
54,505.743,0,6940,0,0,0.0172431,0,1,0
55,505.608,0,6940,0,0,-0.0155669,0,1,0
56,505.608,0,6940,-0.00044495,0.000744125,-0.0143914,0,1,0
57,505.616,0,6940,-0.000316265,0.000644865,-0.0093862,0,1,0
58,505.616,0,6940,-0.000149833,0.000675131,-0.00511654,0,1,0
59,505.591,0,6940,3.3302e-005,0.000672909,-0.000551195,0,1,0
60,505.569,0,6940,0.00020399,0.000670375,0.00407093,0,1,0
61,505.648,0,6940,0.000342423,0.000655546,0.0088126,0,1,0
62,505.642,0,6940,0.000373522,0.000629522,0.0138648,0,1,0
63,505.642,0,6940,0,0,0.0164511,0,1,0
64,505.481,0,6940,0,0,-0.0144215,0,1,0
65,505.481,0,6940,-0.000413968,0.000600357,-0.013438,0,1,0
66,505.5,0,6940,-0.00022137,0.0004175,-0.00924476,0,1,0
67,505.471,0,6940,-0.000164583,0.000384734,-0.00490801,0,1,0
68,505.479,0,6940,3.06539e-005,0.000437688,-0.000511371,0,1,0
69,505.417,0,6940,0.000200313,0.000482958,0.0038666,0,1,0
70,505.532,0,6940,0.000351153,0.000542659,0.00841842,0,1,0
71,505.533,0,6940,0.000408121,0.000568655,0.0132044,0,1,0
72,505.533,0,6940,0,0,0.0155902,0,1,0
73,505.297,0,6940,0,0,-0.0130415,0,1,0
74,505.297,0,6940,-6.81819e-025,5.23108e-025,-0.0126578,0,1,0
75,505.337,0,6940,3.49925e-026,4.47508e-025,-0.00953853,0,1,0
76,505.328,0,6940,-4.39667e-026,1.07348e-025,-0.00338367,0,1,0
77,505.282,0,6940,7.80119e-006,0.000141428,2.19954e-005,0,1,0
78,505.318,0,6940,0.000107667,0.000237001,0.00397959,0,1,0
79,505.369,0,6940,0.000226064,0.000367263,0.00828895,0,1,0
80,505.387,0,6940,0.000345953,0.000523598,0.01266,0,1,0
81,505.387,0,6940,0,0,0.0146872,0,1,0
82,505.053,0,6940,0,0,-0.0125796,0,1,0
83,505.053,0,6940,-7.01427e-026,3.20409e-026,-0.0119831,0,1,0
84,504.993,0,6940,-1.12681e-025,4.85556e-026,-0.0113495,0,0,0
85,505.134,0,6940,4.12567e-026,1.43066e-025,-0.00101174,0,1,0
86,505.124,0,6940,-1.59408e-009,-6.54201e-010,0.000545589,0,1,0
87,505.191,0,6940,-1.75958e-010,-6.22611e-010,0.00428522,0,1,0
88,505.191,0,6940,1.38523e-009,1.88949e-009,0.0085409,0,1,0
89,505.199,0,6940,3.80062e-009,6.30062e-009,0.0123309,0,1,0
90,505.199,0,6940,0,0,0.0137127,0,1,0
91,505.003,0,6940,0,0,-0.0122277,0,0.832579,0
92,505.003,0,6940,-4.20866e-026,1.5426e-026,-0.0120943,0,0.832579,0
93,505.003,0,6940,-4.94555e-026,-2.42236e-026,-0.0119718,0,0.82349,0
94,505.003,0,6940,6.26108e-027,-3.73766e-026,0.000288399,0,0.825154,0
95,505.003,0,6940,-1.41152e-026,-1.34703e-026,0.00187119,0,0.825244,0
96,505.003,0,6940,-4.05075e-027,-4.40941e-027,0.00480102,0,0.825685,0
97,505.003,0,6940,1.23417e-026,7.25162e-027,0.00822417,0,0.826114,0
98,505.003,0,6940,2.92856e-026,1.76173e-026,0.0108357,0,0.826198,0
99,505.003,0,6940,0,0,0.011184,0,0.826198,0
100,502,0,6940,0,0,-0.0117458,0,0,0
101,502,0,6940,0,0,-0.0100055,0,0,0
102,502,0,6940,0,0,-0.00712114,0,0,0
103,502,0,6940,0,0,-0.00153388,0,0,0
104,502,0,6940,0,0,0.00191561,0,0,0
105,502,0,6940,0,0,0.00435523,0,0,0
106,502,0,6940,0,0,0.00696128,0,0,0
107,502,0,6940,0,0,0.00858124,0,0,0
108,502,0,6940,0,0,0.00771218,0,0,0
1,506,0,6940,0,0,-0.015569,0,1,0
2,506,0,6940,0,0,-0.0142596,0,1,0
3,506,0,6940,0,0,-0.0101967,0,1,0
4,506,0,6940,0,0,-0.00523345,0,1,0
5,506,0,6940,0,0,-0.00023815,0,1,0
6,506,0,6940,0,0,0.00477137,0,1,0
7,506,0,6940,0,0,0.00974633,0,1,0
8,506,0,6940,0,0,0.0143187,0,1,0
9,506,0,6940,0,0,0.0162631,0,1,0
10,505.957,0,6940,0,0,-0.0163491,0,1,0
11,505.957,0,6940,0.000271661,0.000807291,-0.0152259,0,1,0
12,505.959,0,6940,3.53915e-005,0.000679771,-0.0100468,0,1,0
13,505.959,0,6940,5.40688e-006,0.000699273,-0.00526614,0,1,0
14,505.958,0,6940,-1.49588e-005,0.000698529,-0.000242963,0,1,0
15,505.957,0,6940,-2.99078e-005,0.00071431,0.00473513,0,1,0
16,505.957,0,6940,-8.3372e-005,0.000739261,0.00971791,0,1,0
17,505.958,0,6940,-0.000214302,0.000817181,0.0148823,0,1,0
18,505.958,0,6940,0,0,0.0176881,0,1,0
19,505.909,0,6940,0,0,-0.0170105,0,1,0
20,505.909,0,6940,0.000151262,0.000910847,-0.0157453,0,1,0
21,505.908,0,6940,4.45389e-005,0.000846271,-0.00977546,0,1,0
22,505.908,0,6940,-5.6864e-006,0.000944686,-0.00527043,0,1,0
23,505.908,0,6940,-1.67067e-005,0.000935194,-0.000197346,0,1,0
24,505.91,0,6940,-2.34478e-005,0.000926298,0.0047715,0,1,0
25,505.914,0,6940,-6.03573e-005,0.000877465,0.00991574,0,1,0
26,505.917,0,6940,-9.28807e-005,0.000790153,0.015286,0,1,0
27,505.917,0,6940,0,0,0.0182544,0,1,0
28,505.85,0,6940,0,0,-0.0169955,0,1,0
29,505.85,0,6940,-6.73281e-005,0.000856028,-0.0156077,0,1,0
30,505.843,0,6940,-7.16934e-005,0.000811406,-0.00962559,0,1,0
31,505.846,0,6940,-5.16656e-005,0.00095153,-0.00522079,0,1,0
32,505.848,0,6940,-7.06574e-006,0.000955109,-0.000251252,0,1,0
33,505.852,0,6940,3.44713e-005,0.000931942,0.00468871,0,1,0
34,505.861,0,6940,6.20407e-005,0.000851672,0.00982961,0,1,0
35,505.868,0,6940,7.48436e-005,0.000756274,0.01518,0,1,0
36,505.868,0,6940,0,0,0.0180947,0,1,0
37,505.777,0,6940,0,0,-0.0166118,0,1,0
38,505.777,0,6940,-0.000244174,0.000813396,-0.0152546,0,1,0
39,505.757,0,6940,-0.000210828,0.000763898,-0.00953764,0,1,0
40,505.768,0,6940,-0.000111342,0.000894548,-0.00523517,0,1,0
41,505.773,0,6940,6.25144e-006,0.000900941,-0.000418735,0,1,0
42,505.781,0,6940,0.000111188,0.000874815,0.00443534,0,1,0
43,505.794,0,6940,0.00019413,0.000795489,0.00948941,0,1,0
44,505.805,0,6940,0.000221709,0.000716794,0.0147233,0,1,0
45,505.805,0,6940,0,0,0.0175413,0,1,0
46,505.679,0,6940,0,0,-0.0159668,0,1,0
47,505.679,0,6940,-0.000392288,0.000783229,-0.0147176,0,1,0
48,505.641,0,6940,-0.000319235,0.000713798,-0.00944108,0,1,0
49,505.67,0,6940,-0.000154094,0.000804489,-0.00529746,0,1,0
50,505.68,0,6940,2.28677e-005,0.000804883,-0.000661845,0,1,0
51,505.693,0,6940,0.000182959,0.000788181,0.00406116,0,1,0
52,505.715,0,6940,0.000310217,0.000726659,0.00897275,0,1,0
53,505.723,0,6940,0.000336422,0.000671762,0.0140677,0,1,0
54,505.723,0,6940,0,0,0.0167826,0,1,0
55,505.547,0,6940,0,0,-0.0150483,0,1,0
56,505.547,0,6940,-0.000488573,0.000710289,-0.0139335,0,1,0
57,505.485,0,6940,-0.000337643,0.000585631,-0.00925652,0,1,0
58,505.559,0,6940,-0.000163497,0.000625293,-0.00529901,0,1,0
59,505.572,0,6940,3.34976e-005,0.000635129,-0.000869628,0,1,0
60,505.578,0,6940,0.000228023,0.000643172,0.00368201,0,1,0
61,505.602,0,6940,0.000384599,0.000623858,0.00838796,0,1,0
62,505.625,0,6940,0.000414224,0.000606995,0.01338,0,1,0
63,505.625,0,6940,0,0,0.0159184,0,1,0
64,505.349,0,6940,0,0,-0.0137892,0,1,0
65,505.349,0,6940,-0.000386708,0.000514523,-0.0127853,0,1,0
66,505.274,0,6940,-0.000202756,0.000272697,-0.00895723,0,1,0
67,505.441,0,6940,-0.000213366,0.000313468,-0.00517564,0,1,0
68,505.459,0,6940,1.52469e-005,0.000386054,-0.000829009,0,1,0
69,505.434,0,6940,0.000210609,0.000442199,0.00350025,0,1,0
70,505.476,0,6940,0.000381191,0.000497129,0.00803426,0,1,0
71,505.5,0,6940,0.000437693,0.000543483,0.0126936,0,1,0
72,505.5,0,6940,0,0,0.0150223,0,1,0
73,505.156,0,6940,0,0,-0.0124809,0,1,0
74,505.156,0,6940,1.97968e-015,-4.89312e-015,-0.0121177,0,1,0
75,505.004,0,6940,-6.7685e-016,-4.7849e-015,-0.00928111,0,1,0
76,505.215,0,6940,-6.46749e-015,-9.25195e-015,-0.00355131,0,1,0
77,505.308,0,6940,-1.36138e-005,0.000143115,-0.000230795,0,1,0
78,505.296,0,6940,0.000110469,0.000206718,0.0036956,0,1,0
79,505.319,0,6940,0.000241397,0.000332976,0.00793075,0,1,0
80,505.347,0,6940,0.000357145,0.000504673,0.0121845,0,1,0
81,505.347,0,6940,0,0,0.0141434,0,1,0
82,505.04,0,6940,0,0,-0.0120527,0,1,0
83,505.04,0,6940,1.01819e-015,-1.49505e-015,-0.0115077,0,1,0
84,504.996,0,6940,-4.1244e-017,-3.10158e-015,-0.0109291,0,0.006004,0
85,505.089,0,6940,-6.09843e-015,-2.27263e-015,-0.00124266,0,1,0
86,505.137,0,6940,-1.11078e-009,-4.22184e-010,0.000294885,0,1,0
87,505.162,0,6940,-7.68815e-011,-5.68576e-010,0.0040209,0,1,0
88,505.154,0,6940,9.67482e-010,1.22793e-009,0.00819209,0,1,0
89,505.169,0,6940,2.54799e-009,4.25267e-009,0.0118832,0,1,0
90,505.169,0,6940,0,0,0.013212,0,1,0
91,505.002,0,6940,0,0,-0.0117342,0,0.804843,0
92,505.002,0,6940,1.36014e-026,-2.22307e-026,-0.0116189,0,0.804843,0
93,505.002,0,6940,-5.53363e-026,-4.46987e-026,-0.0115161,0,0.795764,0
94,505.002,0,6940,-3.7708e-026,-4.44408e-026,4.63637e-005,0,0.797603,0
95,505.002,0,6940,-1.83677e-026,-9.36765e-027,0.00162102,0,0.798106,0
96,505.002,0,6940,-3.73252e-027,-1.92837e-027,0.00451061,0,0.798704,0
97,505.002,0,6940,1.24725e-026,8.52615e-027,0.00786697,0,0.799174,0
98,505.002,0,6940,2.8897e-026,1.82269e-026,0.0104143,0,0.799297,0
99,505.002,0,6940,0,0,0.0107498,0,0.799297,0
100,502,0,6940,0,0,-0.0108292,0,0,0
101,502,0,6940,0,0,-0.00910102,0,0,0
102,502,0,6940,0,0,-0.00705728,0,0,0
103,502,0,6940,0,0,-0.00209606,0,0,0
104,502,0,6940,0,0,0.00157649,0,0,0
105,502,0,6940,0,0,0.00410751,0,0,0
106,502,0,6940,0,0,0.00667129,0,0,0
107,502,0,6940,0,0,0.00825449,0,0,0
108,502,0,6940,0,0,0.00741987,0,0,0
1,506,0,6940,0,0,-0.0152915,0,1,0
2,506,0,6940,0,0,-0.0139796,0,1,0
3,506,0,6940,0,0,-0.00995316,0,1,0
4,506,0,6940,0,0,-0.00509368,0,1,0
5,506,0,6940,0,0,-0.000203357,0,1,0
6,506,0,6940,0,0,0.00473741,0,1,0
7,506,0,6940,0,0,0.00966272,0,1,0
8,506,0,6940,0,0,0.0142054,0,1,0
9,506,0,6940,0,0,0.0161445,0,1,0
10,506.054,0,6940,0,0,-0.0160579,0,1,0
11,506.054,0,6940,0.000259664,0.000842339,-0.0149481,0,1,0
12,505.933,0,6940,3.1281e-005,0.000697081,-0.00974791,0,1,0
13,505.941,0,6940,1.15663e-005,0.00071892,-0.00515214,0,1,0
14,505.948,0,6940,-1.04844e-005,0.000715504,-0.000212852,0,1,0
15,505.949,0,6940,-2.34724e-005,0.000727565,0.00470188,0,1,0
16,505.951,0,6940,-7.64258e-005,0.000747031,0.00963608,0,1,0
17,505.951,0,6940,-0.000208926,0.000819431,0.0147697,0,1,0
18,505.951,0,6940,0,0,0.0175688,0,1,0
19,505.811,0,6940,0,0,-0.0166208,0,1,0
20,505.811,0,6940,0.000125152,0.000885965,-0.0153199,0,1,0
21,505.643,0,6940,2.57937e-005,0.000797222,-0.00950015,0,1,0
22,505.907,0,6940,-8.17029e-006,0.000966029,-0.00528572,0,1,0
23,505.89,0,6940,-1.10641e-005,0.00095374,-0.000175408,0,1,0
24,505.894,0,6940,-1.06249e-005,0.000947643,0.00471359,0,1,0
25,505.9,0,6940,-4.41513e-005,0.000892011,0.00982753,0,1,0
26,505.901,0,6940,-7.78709e-005,0.000794022,0.0151664,0,1,0
27,505.901,0,6940,0,0,0.0181211,0,1,0
28,505.857,0,6940,0,0,-0.0165913,0,1,0
29,505.857,0,6940,-9.36044e-005,0.000857715,-0.0151855,0,1,0
30,505.592,0,6940,-0.000102761,0.000766466,-0.00932137,0,1,0
31,505.788,0,6940,-7.48696e-005,0.000959168,-0.00523726,0,1,0
32,505.818,0,6940,-6.4204e-006,0.000968652,-0.000277051,0,1,0
33,505.828,0,6940,5.14183e-005,0.000949405,0.00460083,0,1,0
34,505.838,0,6940,8.88123e-005,0.000863071,0.00971152,0,1,0
35,505.841,0,6940,0.000101897,0.000755827,0.0150251,0,1,0
36,505.841,0,6940,0,0,0.0179138,0,1,0
37,505.788,0,6940,0,0,-0.0162203,0,1,0
38,505.788,0,6940,-0.000282322,0.000823611,-0.0148897,0,1,0
39,505.745,0,6940,-0.000247937,0.000779505,-0.00927921,0,1,0
40,505.701,0,6940,-0.000138059,0.000899258,-0.00515443,0,1,0
41,505.737,0,6940,5.60808e-006,0.000908796,-0.000481661,0,1,0
42,505.744,0,6940,0.000132485,0.000878251,0.00432291,0,1,0
43,505.757,0,6940,0.000230935,0.000795038,0.00932945,0,1,0
44,505.768,0,6940,0.000257619,0.000709362,0.0145154,0,1,0
45,505.768,0,6940,0,0,0.0173017,0,1,0
46,505.651,0,6940,0,0,-0.015538,0,1,0
47,505.651,0,6940,-0.00044252,0.000781295,-0.0143298,0,1,0
48,505.645,0,6940,-0.000357911,0.000718809,-0.00926779,0,1,0
49,505.636,0,6940,-0.000171743,0.000795298,-0.00523248,0,1,0
50,505.649,0,6940,2.63847e-005,0.000795473,-0.000739184,0,1,0
51,505.666,0,6940,0.000208938,0.000777627,0.00392545,0,1,0
52,505.654,0,6940,0.000350235,0.000705445,0.00875476,0,1,0
53,505.68,0,6940,0.000375852,0.000652767,0.013848,0,1,0
54,505.68,0,6940,0,0,0.0165052,0,1,0
55,505.501,0,6940,0,0,-0.0145484,0,1,0
56,505.501,0,6940,-0.000525377,0.000674359,-0.0134908,0,1,0
57,505.494,0,6940,-0.000357043,0.000549447,-0.00904598,0,1,0
58,505.521,0,6940,-0.000175857,0.000582862,-0.00526097,0,1,0
59,505.545,0,6940,3.47088e-005,0.000602869,-0.000954945,0,1,0
60,505.572,0,6940,0.000250825,0.000620568,0.00351077,0,1,0
61,505.58,0,6940,0.00041984,0.000595082,0.00824106,0,1,0
62,505.578,0,6940,0.00045074,0.000583405,0.0131212,0,1,0
63,505.578,0,6940,0,0,0.0156037,0,1,0
64,505.331,0,6940,0,0,-0.01325,0,1,0
65,505.331,0,6940,-0.000368475,0.000455322,-0.0122529,0,1,0
66,505.324,0,6940,-0.000199288,0.000193714,-0.00866593,0,1,0
67,505.379,0,6940,-0.00025225,0.00026567,-0.00515705,0,1,0
68,505.419,0,6940,6.03178e-006,0.000341363,-0.00088589,0,1,0
69,505.438,0,6940,0.000222113,0.000412835,0.00337561,0,1,0
70,505.449,0,6940,0.000409491,0.000459834,0.00790282,0,1,0
71,505.46,0,6940,0.000462117,0.000521876,0.0124478,0,1,0
72,505.46,0,6940,0,0,0.0147093,0,1,0
73,505.164,0,6940,0,0,-0.0119999,0,1,0
74,505.164,0,6940,1.58747e-015,-7.83325e-015,-0.0116532,0,1,0
75,505.131,0,6940,-8.92557e-016,-7.83942e-015,-0.00899742,0,1,0
76,505.202,0,6940,-1.44434e-014,-2.02444e-014,-0.00348877,0,1,0
77,505.271,0,6940,-2.83385e-005,0.000129444,-0.000239156,0,1,0
78,505.29,0,6940,0.000115615,0.000185261,0.00363372,0,1,0
79,505.304,0,6940,0.000256707,0.000310788,0.00783112,0,1,0
80,505.312,0,6940,0.000364685,0.000489297,0.0119857,0,1,0
81,505.312,0,6940,0,0,0.0138739,0,1,0
82,505.048,0,6940,0,0,-0.0115953,0,1,0
83,505.048,0,6940,2.04568e-015,-2.9005e-015,-0.0110837,0,1,0
84,504.996,0,6940,-2.79635e-016,-6.39823e-015,-0.010541,0,0.00816123,0
85,505.09,0,6940,-1.31656e-014,-3.83862e-015,-0.0012306,0,1,0
86,505.125,0,6940,-7.92962e-010,-3.55874e-010,0.000284777,0,1,0
87,505.142,0,6940,-4.6995e-011,-4.47781e-010,0.00398782,0,1,0
88,505.147,0,6940,7.02727e-010,9.54112e-010,0.00809989,0,1,0
89,505.153,0,6940,1.76608e-009,2.99712e-009,0.0117074,0,1,0
90,505.153,0,6940,0,0,0.0129866,0,1,0
91,505.002,0,6940,0,0,-0.0112984,0,0.776985,0
92,505.002,0,6940,5.93707e-027,-1.3438e-026,-0.0111949,0,0.776985,0
93,505.002,0,6940,-5.41668e-026,-3.3557e-026,-0.0111046,0,0.767874,0
94,505.002,0,6940,-2.79611e-026,-3.94944e-026,4.62063e-005,0,0.769865,0
95,505.002,0,6940,-1.72133e-026,-8.55587e-027,0.00160897,0,0.770731,0
96,505.002,0,6940,-3.68662e-027,-1.32658e-027,0.00446206,0,0.771459,0
97,505.002,0,6940,1.2534e-026,9.44098e-027,0.00776463,0,0.771986,0
98,505.002,0,6940,2.88115e-026,1.89576e-026,0.0102587,0,0.772136,0
99,505.002,0,6940,0,0,0.0105836,0,0.772136,0
100,502,0,6940,0,0,-0.010506,0,0,0
101,502,0,6940,0,0,-0.00885279,0,0,0
102,502,0,6940,0,0,-0.00678531,0,0,0
103,502,0,6940,0,0,-0.00190647,0,0,0
104,502,0,6940,0,0,0.00159544,0,0,0
105,502,0,6940,0,0,0.00406214,0,0,0
106,502,0,6940,0,0,0.00658496,0,0,0
107,502,0,6940,0,0,0.00814005,0,0,0
108,502,0,6940,0,0,0.00731265,0,0,0
1,506,0,6940,0,0,-157.55,0,1,0
2,506,0,6940,0,0,-157.549,0,1,0
3,506,0,6940,0,0,-157.544,0,1,0
4,506,0,6940,0,0,-157.54,0,1,0
5,506,0,6940,0,0,-157.538,0,1,0
6,506,0,6940,0,0,-157.538,0,1,0
7,506,0,6940,0,0,-157.538,0,1,0
8,506,0,6940,0,0,-157.537,0,1,0
9,506,0,6940,0,0,-157.537,0,1,0
10,506.165,0,6940,0,0,-157.551,0,1,0
11,506.165,0,6940,0.000256773,0.000860876,-157.55,0,1,0
12,506.084,0,6940,-7.82201e-005,0.000734553,-157.544,0,1,0
13,505.988,0,6940,-0.000115281,0.0008205,-157.539,0,1,0
14,505.808,0,6940,4.79239e-009,-1.03432e-008,-157.538,0,1,0
15,505.624,0,6940,1.95862e-009,-1.03432e-008,-157.538,0,1,0
16,505.585,0,6940,-8.75144e-010,-1.03432e-008,-157.538,0,1,0
17,505.601,0,6940,-0.000107802,0.00084253,-157.538,0,1,0
18,505.601,0,6940,0,0,-157.536,0,1,0
19,506.543,0,6940,0,0,-157.552,0,1,0
20,506.543,0,6940,0.00015678,0.00102848,-157.55,0,1,0
21,506.19,0,6940,-1.73205e-005,0.000772541,-157.542,0,1,0
22,506.186,0,6940,-4.00696e-008,1.10479e-007,-157.538,0,1,0
23,505.624,0,6940,4.79239e-009,-7.59633e-009,-157.538,0,1,0
24,504.612,0,6940,1.95862e-009,-7.59633e-009,-157.538,0,0,0
25,505.017,0,6940,-8.75144e-010,-7.59633e-009,-157.538,0,1,0
26,505.005,0,6940,-3.70891e-009,-7.59633e-009,-157.538,0,1,0
27,505.005,0,6940,0,0,-157.537,0,1,0
28,506.712,0,6940,0,0,-157.551,0,1,0
29,506.712,0,6940,-0.000140675,0.00110942,-157.551,0,1,0
30,510.317,0,6940,4.53319e-005,0.00182637,-157.544,0,1,0
31,505.005,0,6940,-1.1942e-008,7.85281e-008,-157.537,0,1,0
32,505.003,0,6940,4.79239e-009,-4.84947e-009,-157.538,0,0.823639,0
33,501.353,0,6940,1.95862e-009,-4.84947e-009,-157.538,0,0,0
34,504.969,0,6940,-8.75144e-010,-4.84947e-009,-157.538,0,0,0
35,505.021,0,6940,-3.70891e-009,-4.84947e-009,-157.538,0,1,0
36,505.021,0,6940,0,0,-157.538,0,1,0
37,505.95,0,6940,0,0,-157.549,0,1,0
38,505.95,0,6940,2.07702e-022,-7.77094e-022,-157.549,0,1,0
39,506.002,0,6940,1.69915e-023,-7.7695e-022,-157.545,0,1,0
40,505.006,0,6940,-1.73365e-022,-7.76404e-022,-157.54,0,1,0
41,505.004,0,6940,4.79239e-009,-2.1026e-009,-157.539,0,0.998425,0
42,505.004,0,6940,1.95862e-009,-2.1026e-009,-157.539,0,1,0
43,507.011,0,6940,-8.75144e-010,-2.1026e-009,-157.538,0,1,0
44,508.865,0,6940,-3.70891e-009,-2.1026e-009,-157.538,0,1,0
45,508.865,0,6940,0,0,-157.538,0,1,0
46,505.312,0,6940,0,0,-157.549,0,1,0
47,505.312,0,6940,2.08191e-022,-5.91521e-022,-157.548,0,1,0
48,502.033,0,6940,1.68645e-023,-5.92366e-022,-157.548,0,0,0
49,506.792,0,6940,-1.73316e-022,-5.92277e-022,-157.539,0,1,0
50,505.004,0,6940,-3.61268e-006,1.9748e-005,-157.539,0,1,0
51,505.004,0,6940,7.68582e-025,1.7915e-025,-157.539,0,0.987618,0
52,505.004,0,6940,8.89994e-025,-4.07447e-026,-157.539,0,0.96945,0
53,505.005,0,6940,2.67602e-025,-5.15917e-026,-157.538,0,1,0
54,505.005,0,6940,0,0,-157.538,0,1,0
55,507.984,0,6940,0,0,-157.548,0,1,0
56,507.984,0,6940,2.07346e-022,-4.07853e-022,-157.548,0,1,0
57,505.003,0,6940,1.92585e-023,-4.06422e-022,-157.548,0,0.936786,0
58,505.004,0,6940,-1.80027e-022,-3.99417e-022,-157.539,0,1,0
59,505.004,0,6940,-5.60788e-022,-6.04794e-022,-157.539,0,1,0
60,505.149,0,6940,1.9107e-024,1.72136e-025,-157.539,0,1,0
61,496.958,0,6940,5.85773e-025,2.96673e-025,-157.539,0,0,0
62,504.37,0,6940,2.63675e-025,1.86317e-025,-157.538,0,0,0
63,504.37,0,6940,0,0,-157.538,0,0,0
64,505.594,0,6940,0,0,-157.548,0,1,0
65,505.594,0,6940,1.30482e-022,-1.97467e-022,-157.548,0,1,0
66,505.63,0,6940,-1.11297e-023,-1.95506e-022,-157.548,0,1,0
67,503.95,0,6940,-1.69697e-022,-2.40013e-022,-157.539,0,0,0
68,505.004,0,6940,-5.64221e-022,-1.57184e-022,-157.539,0,1,0
69,507.309,0,6940,1.91855e-024,2.11602e-024,-157.539,0,1,0
70,511.879,0,6940,6.30658e-025,7.58441e-025,-157.539,0,1,0
71,505.005,0,6940,2.36082e-025,4.318e-025,-157.538,0,1,0
72,505.005,0,6940,0,0,-157.538,0,1,0
73,505.093,0,6940,0,0,-157.548,0,1,0
74,505.093,0,6940,7.33228e-023,-6.76862e-023,-157.548,0,1,0
75,504.531,0,6940,-2.02692e-023,-7.3921e-023,-157.548,0,0,0
76,504.173,0,6940,-1.33724e-022,-9.46374e-024,-161.377,0,0,0
77,505.001,0,6940,-6.28923e-022,3.7503e-022,-157.539,0,0.615531,0
78,505.004,0,6940,-1.9861e-010,3.51624e-009,-157.539,0,1,0
79,505.004,0,6940,0.000131986,0.000451167,-157.539,0,1,0
80,505.004,0,6940,0.000182494,0.000534946,-157.538,0,1,0
81,505.004,0,6940,0,0,-157.537,0,1,0
82,504.996,0,6940,0,0,-190.991,0,0,0
83,504.996,0,6940,6.36046e-023,-9.181e-023,-178.289,0,0,0
84,504.996,0,6940,-1.2405e-022,-7.78366e-023,-171.056,0,0,0
85,500.232,0,6940,-1.1751e-022,2.93125e-023,-157.766,0,0,0
86,505.004,0,6940,-3.9766e-022,2.42463e-022,-157.54,0,0.982772,0
87,505.004,0,6940,-8.6541e-009,1.37914e-009,-157.539,0,1,0
88,505.004,0,6940,-5.40916e-009,5.18915e-009,-157.538,0,1,0
89,505.004,0,6940,-3.56268e-009,3.61531e-009,-157.537,0,1,0
90,505.004,0,6940,0,0,-157.537,0,1,0
91,505.002,0,6940,0,0,-171.913,0,0.74858,0
92,505.002,0,6940,-1.34002e-022,1.93794e-022,-210.021,0,0.74858,0
93,505.002,0,6940,-1.82828e-022,4.74523e-023,-140.014,0,0.726428,0
94,505.002,0,6940,-2.08278e-022,8.85621e-023,-158.731,0,0.717733,0
95,505.002,0,6940,-9.82981e-023,3.4797e-023,-157.477,0,0.733692,0
96,505.002,0,6940,-1.50384e-022,1.47922e-024,-157.515,0,0.742863,0
97,505.002,0,6940,-1.60066e-022,-6.0193e-024,-157.524,0,0.743607,0
98,505.002,0,6940,-1.47912e-022,-9.1724e-024,-157.526,0,0.743806,0
99,505.002,0,6940,0,0,-157.526,0,0.743806,0
100,502,0,6940,0,0,-107.888,0,0,0
101,502,0,6940,0,0,-119.108,0,0,0
102,502,0,6940,0,0,-133.535,0,0,0
103,502,0,6940,0,0,-129.823,0,0,0
104,502,0,6940,0,0,-131.439,0,0,0
105,502,0,6940,0,0,-130.756,0,0,0
106,502,0,6940,0,0,-130.157,0,0,0
107,502,0,6940,0,0,-126.829,0,0,0
108,502,0,6940,0,0,-108.511,0,0,0
1,506,0,6940,0,0,0.0138549,0,1,0
2,506,0,6940,0,0,0.0152353,0,1,0
3,506,0,6940,0,0,0.0194216,0,1,0
4,506,0,6940,0,0,0.0236312,0,1,0
5,506,0,6940,0,0,0.0253894,0,1,0
6,506,0,6940,0,0,0.0254118,0,1,0
7,506,0,6940,0,0,0.0253242,0,1,0
8,506,0,6940,0,0,0.026056,0,1,0
9,506,0,6940,0,0,0.026882,0,1,0
10,506.126,0,6940,0,0,0.0130239,0,1,0
11,506.126,0,6940,0.000246541,0.000871551,0.0141932,0,1,0
12,506.052,0,6940,-0.00013744,0.000765632,0.0198622,0,1,0
13,505.911,0,6940,-0.000170883,0.000872466,0.0242559,0,1,0
14,505.7,0,6940,5.00314e-009,-6.03253e-010,0.0258459,0,1,0
15,505.549,0,6940,3.69918e-009,-6.03254e-010,0.0254097,0,1,0
16,505.53,0,6940,2.39521e-009,-6.03257e-010,0.0250865,0,1,0
17,505.607,0,6940,-5.32802e-005,0.000858113,0.0256586,0,1,0
18,505.607,0,6940,0,0,0.0276506,0,1,0
19,506.295,0,6940,0,0,0.0123436,0,1,0
20,506.295,0,6940,0.000133424,0.00105038,0.0137773,0,1,0
21,506.153,0,6940,-6.10252e-005,0.000788341,0.0214101,0,1,0
22,505.85,0,6940,-1.57083e-008,5.0805e-008,0.0250199,0,1,0
23,505.35,0,6940,5.00314e-009,6.60725e-010,0.025404,0,1,0
24,504.996,0,6940,3.69918e-009,6.60725e-010,0.0255533,0,0.00328885,0
25,505.17,0,6940,2.39521e-009,6.60725e-010,0.0252643,0,1,0
26,505.286,0,6940,1.09124e-009,6.60727e-010,0.025883,0,1,0
27,505.286,0,6940,0,0,0.0262874,0,1,0
28,506.273,0,6940,0,0,0.0129289,0,1,0
29,506.273,0,6940,-0.000183153,0.00110672,0.0137097,0,1,0
30,506.712,0,6940,0.000103355,0.00149041,0.0207086,0,1,0
31,505.532,0,6940,-2.29269e-009,4.76309e-008,0.0256001,0,1,0
32,505.003,0,6940,5.00314e-009,1.9247e-009,0.0250436,0,0.827481,0
33,504.611,0,6940,3.69918e-009,1.9247e-009,0.0250864,0,0,0
34,504.996,0,6940,2.39521e-009,1.9247e-009,0.0254386,0,0.00402018,0
35,505.313,0,6940,1.09124e-009,1.9247e-009,0.0258425,0,1,0
36,505.313,0,6940,0,0,0.0259384,0,1,0
37,505.824,0,6940,0,0,0.0148177,0,1,0
38,505.824,0,6940,-8.04588e-024,1.19023e-023,0.0152666,0,1,0
39,505.698,0,6940,-3.0254e-024,1.1879e-023,0.0191271,0,1,0
40,505.333,0,6940,1.92801e-024,1.21013e-023,0.0239274,0,1,0
41,505.01,0,6940,5.00314e-009,3.18869e-009,0.0245298,0,1,0
42,505.008,0,6940,3.69918e-009,3.18869e-009,0.0249109,0,1,0
43,505.437,0,6940,2.39521e-009,3.18869e-009,0.0254608,0,1,0
44,505.927,0,6940,1.09124e-009,3.18869e-009,0.0258705,0,1,0
45,505.927,0,6940,0,0,0.0258787,0,1,0
46,505.461,0,6940,0,0,0.0157119,0,1,0
47,505.461,0,6940,-7.72931e-024,7.19784e-024,0.0160664,0,1,0
48,504.938,0,6940,-3.14486e-024,7.11158e-024,0.0166484,0,0,0
49,505.421,0,6940,1.9548e-024,7.0938e-024,0.024366,0,1,0
50,505.084,0,6940,-1.39366e-006,4.84246e-006,0.0244634,0,1,0
51,505.004,0,6940,3.60911e-025,1.38779e-025,0.0245998,0,0.986206,0
52,505.004,0,6940,1.86008e-025,1.09091e-025,0.0247864,0,0.968305,0
53,505.085,0,6940,7.23401e-026,5.31658e-026,0.0258722,0,1,0
54,505.085,0,6940,0,0,0.0258739,0,1,0
55,505.784,0,6940,0,0,0.0160245,0,1,0
56,505.784,0,6940,-7.83255e-024,2.68269e-024,0.0160987,0,1,0
57,505.004,0,6940,-2.83493e-024,2.53579e-024,0.0161884,0,0.940891,0
58,505.02,0,6940,8.8172e-025,2.43161e-024,0.024422,0,1,0
59,505.023,0,6940,4.10455e-025,2.72028e-025,0.0244633,0,1,0
60,505.004,0,6940,3.51779e-025,3.3793e-025,0.0245123,0,0.99624,0
61,503.918,0,6940,1.92208e-025,2.01534e-025,0.0247598,0,0,0
62,504.996,0,6940,5.8295e-026,1.21903e-025,0.0244896,0,0,0
63,504.996,0,6940,0,0,0.0244896,0,0,0
64,505.298,0,6940,0,0,0.0160893,0,1,0
65,505.298,0,6940,-4.88138e-025,4.73563e-025,0.0161031,0,1,0
66,505.087,0,6940,-9.81655e-026,3.70446e-025,0.016146,0,1,0
67,504.808,0,6940,-8.14578e-026,3.89836e-025,0.0244258,0,0,0
68,505.004,0,6940,5.83943e-025,7.81352e-025,0.0245,0,0.998692,0
69,504.992,0,6940,3.91286e-025,4.85838e-025,0.0244895,0,0,0
70,504.971,0,6940,1.99458e-025,4.23758e-025,0.0244896,0,0,0
71,505.004,0,6940,5.04118e-026,2.22428e-025,0.0244896,0,1,0
72,505.004,0,6940,0,0,0.0244896,0,1,0
73,505.023,0,6940,0,0,0.0161005,0,1,0
74,505.023,0,6940,-1.20877e-025,7.92698e-026,0.0161103,0,1,0
75,504.846,0,6940,-1.44666e-025,2.09477e-025,0.0161204,0,0,0
76,504.726,0,6940,5.62803e-027,2.62721e-025,0.021529,0,0,0
77,505.001,0,6940,4.86388e-025,3.48219e-025,0.0244896,0,0.612466,0
78,505.004,0,6940,3.10589e-025,6.22852e-025,0.0244896,0,1,0
79,505.004,0,6940,2.10517e-025,6.06989e-025,0.0244896,0,0.999721,0
80,505.004,0,6940,5.39981e-026,6.61437e-025,0.0244896,0,0.999896,0
81,505.004,0,6940,0,0,0.0244896,0,0.999896,0
82,504.967,0,6940,0,0,0.0298127,0,0,0
83,504.967,0,6940,-1.01557e-025,9.52724e-026,0.0274874,0,0,0
84,504.854,0,6940,-8.57975e-026,1.19956e-025,0.0265401,0,0,0
85,504.329,0,6940,-4.07911e-027,9.24517e-026,0.0245196,0,0,0
86,505.004,0,6940,3.89073e-025,1.34763e-026,0.0244896,0,0.979149,0
87,505.004,0,6940,-1.11287e-025,4.3557e-025,0.0244896,0,0.990261,0
88,504.988,0,6940,1.66707e-025,4.69457e-025,0.0244896,0,0,0
89,505.004,0,6940,1.58729e-025,6.07547e-025,0.0244896,0,0.993923,0
90,505.004,0,6940,0,0,0.0244896,0,0.993923,0
91,505.002,0,6940,0,0,0.0256714,0,0.719337,0
92,505.002,0,6940,-2.189e-026,-5.17717e-028,0.0326472,0,0.719337,0
93,505.002,0,6940,2.01588e-028,3.26373e-026,0.0217648,0,0.695136,0
94,505.001,0,6940,6.23916e-026,3.17651e-026,0.0246729,0,0.685733,0
95,505.002,0,6940,-1.64442e-026,7.21131e-026,0.024479,0,0.703592,0
96,505.002,0,6940,-1.79425e-026,1.49392e-025,0.0244836,0,0.714321,0
97,505.002,0,6940,2.8209e-026,1.82896e-025,0.0244859,0,0.715036,0
98,505.002,0,6940,1.49469e-025,1.07277e-025,0.0244876,0,0.715267,0
99,505.002,0,6940,0,0,0.0244875,0,0.715267,0
100,502,0,6940,0,0,0.0163564,0,0,0
101,502,0,6940,0,0,0.0179371,0,0,0
102,502,0,6940,0,0,0.0204234,0,0,0
103,502,0,6940,0,0,0.0201851,0,0,0
104,502,0,6940,0,0,0.0198617,0,0,0
105,502,0,6940,0,0,0.0198155,0,0,0
106,502,0,6940,0,0,0.0208379,0,0,0
107,502,0,6940,0,0,0.0214439,0,0,0
108,502,0,6940,0,0,0.0176511,0,0,0
1,506,0,6940,0,0,-0.00545017,0,1,0
2,506,0,6940,0,0,-0.00416104,0,1,0
3,506,0,6940,0,0,-0.000223083,0,1,0
4,506,0,6940,0,0,0.00375291,0,1,0
5,506,0,6940,0,0,0.00540721,0,1,0
6,506,0,6940,0,0,0.00549064,0,1,0
7,506,0,6940,0,0,0.00552855,0,1,0
8,506,0,6940,0,0,0.00636581,0,1,0
9,506,0,6940,0,0,0.0072559,0,1,0
10,505.959,0,6940,0,0,-0.00618898,0,1,0
11,505.959,0,6940,0.000220061,0.000864322,-0.00512483,0,1,0
12,505.937,0,6940,-0.000157536,0.000789442,0.00012424,0,1,0
13,505.837,0,6940,-0.000175246,0.000905559,0.00422957,0,1,0
14,505.669,0,6940,1.25011e-006,4.50672e-006,0.00578224,0,1,0
15,505.532,0,6940,2.14525e-006,4.50672e-006,0.0054512,0,1,0
16,505.537,0,6940,3.04039e-006,4.50672e-006,0.00533904,0,1,0
17,505.623,0,6940,-3.23313e-005,0.00086241,0.00604314,0,1,0
18,505.623,0,6940,0,0,0.00809807,0,1,0
19,505.906,0,6940,0,0,-0.006601,0,1,0
20,505.906,0,6940,7.34108e-005,0.000988263,-0.00527297,0,1,0
21,505.901,0,6940,-8.90502e-005,0.000779999,0.00140027,0,1,0
22,505.646,0,6940,5.18741e-007,3.69467e-006,0.00452594,0,1,0
23,505.31,0,6940,1.25011e-006,3.63904e-006,0.00514654,0,1,0
24,504.996,0,6940,2.14525e-006,3.63904e-006,0.00546529,0,0.0104713,0
25,505.228,0,6940,3.04039e-006,3.63904e-006,0.00566476,0,1,0
26,505.326,0,6940,3.93552e-006,3.63904e-006,0.00640448,0,1,0
27,505.326,0,6940,0,0,0.00685237,0,1,0
28,505.714,0,6940,0,0,-0.00586636,0,1,0
29,505.714,0,6940,-0.000208826,0.000962763,-0.00499739,0,1,0
30,505.772,0,6940,0.000121416,0.00110599,0.000926345,0,1,0
31,505.456,0,6940,-2.63062e-007,2.78032e-006,0.00462433,0,1,0
32,505.003,0,6940,1.25011e-006,2.77135e-006,0.00433056,0,0.828237,0
33,504.996,0,6940,2.14525e-006,2.77135e-006,0.00398789,0,0.0124048,0
34,504.996,0,6940,3.04039e-006,2.77135e-006,0.00643922,0,0.00615787,0
35,505.231,0,6940,3.93552e-006,2.77135e-006,0.00657379,0,1,0
36,505.231,0,6940,0,0,0.00660654,0,1,0
37,505.432,0,6940,0,0,-0.00417405,0,1,0
38,505.432,0,6940,-5.36965e-013,7.67662e-013,-0.00376105,0,1,0
39,505.11,0,6940,-1.52776e-013,7.79855e-013,-0.000455053,0,1,0
40,505.217,0,6940,3.38469e-013,1.02167e-012,0.00329673,0,1,0
41,505.007,0,6940,1.25011e-006,1.90366e-006,0.00382115,0,1,0
42,505.004,0,6940,2.14525e-006,1.90366e-006,0.00395988,0,0.992022,0
43,505.13,0,6940,3.04039e-006,1.90366e-006,0.00643407,0,1,0
44,505.267,0,6940,3.93552e-006,1.90366e-006,0.00659826,0,1,0
45,505.267,0,6940,0,0,0.00660102,0,1,0
46,505.239,0,6940,0,0,-0.0033897,0,1,0
47,505.239,0,6940,-5.62558e-013,4.18605e-013,-0.00308356,0,1,0
48,504.996,0,6940,-1.45468e-013,3.71881e-013,-0.00258138,0,0.0104013,0
49,505.12,0,6940,3.63238e-013,3.67849e-013,0.00362848,0,1,0
50,505.004,0,6940,-6.63126e-007,3.88477e-006,0.00367669,0,1,0
51,505.004,0,6940,2.36515e-024,-2.40243e-025,0.00380761,0,0.986304,0
52,505.004,0,6940,1.19674e-024,-1.37072e-025,0.00512349,0,0.968969,0
53,505.057,0,6940,4.77258e-025,-1.21625e-025,0.00660752,0,1,0
54,505.057,0,6940,0,0,0.00660402,0,1,0
55,505.25,0,6940,0,0,-0.00311991,0,1,0
56,505.25,0,6940,-6.11045e-013,-1.12221e-013,-0.00305595,0,1,0
57,505.004,0,6940,-1.53293e-023,1.28816e-023,-0.00297785,0,0.942995,0
58,505.023,0,6940,4.26345e-024,1.18442e-023,0.00366002,0,1,0
59,505.004,0,6940,2.40326e-024,8.21528e-025,0.00369636,0,1,0
60,505.004,0,6940,2.05798e-024,1.11123e-024,0.00373727,0,0.995389,0
61,504.858,0,6940,1.15992e-024,5.93341e-025,0.00478399,0,0,0
62,504.985,0,6940,3.64964e-025,3.37449e-025,0.0037179,0,0,0
63,504.985,0,6940,0,0,0.0037179,0,0,0
64,505.112,0,6940,0,0,-0.00306409,0,1,0
65,505.112,0,6940,-1.52263e-024,1.36418e-024,-0.00305199,0,1,0
66,505.004,0,6940,-2.83252e-025,1.15694e-024,-0.00301474,0,0.999715,0
67,504.973,0,6940,-4.86636e-025,1.43217e-024,0.00366274,0,0,0
68,505.004,0,6940,3.16269e-024,3.47083e-024,0.00372743,0,0.998235,0
69,504.985,0,6940,2.38255e-024,1.90283e-024,0.0037179,0,0,0
70,504.97,0,6940,1.0608e-024,1.61306e-024,0.0037179,0,0,0
71,505.004,0,6940,3.40272e-025,8.40497e-025,0.0037179,0,0.999285,0
72,505.004,0,6940,0,0,0.0037179,0,0.999285,0
73,505.004,0,6940,0,0,-0.00305428,0,0.999814,0
74,505.004,0,6940,-2.40717e-025,1.67937e-025,-0.00304578,0,0.999814,0
75,504.963,0,6940,-4.15945e-025,6.36245e-025,-0.00303721,0,0,0
76,504.937,0,6940,1.20262e-025,8.37446e-025,-0.00374636,0,0,0
77,505.001,0,6940,2.45434e-024,1.15623e-024,0.0037179,0,0.611928,0
78,505.004,0,6940,2.48027e-024,3.06581e-024,0.0037179,0,0.999785,0
79,505.004,0,6940,1.40284e-024,3.19782e-024,0.0037179,0,0.999509,0
80,505.004,0,6940,-1.32185e-024,3.52707e-024,0.0037179,0,0.999805,0
81,505.004,0,6940,0,0,0.0037179,0,0.999805,0
82,504.986,0,6940,0,0,0.00457184,0,0,0
83,504.986,0,6940,-2.04025e-025,1.67632e-025,0.00407846,0,0,0
84,504.956,0,6940,-2.06098e-025,1.79049e-025,0.00401061,0,0,0
85,504.897,0,6940,1.39416e-025,-6.517e-027,0.00372097,0,0,0
86,505.004,0,6940,2.00397e-024,-4.91061e-025,0.0037179,0,0.978486,0
87,505.004,0,6940,-5.10977e-021,1.54842e-020,0.0037179,0,0.9902,0
88,504.996,0,6940,5.11156e-021,9.92234e-021,0.0037179,0,0.00014784,0
89,505.004,0,6940,-5.10968e-021,1.54874e-020,0.0037179,0,0.993873,0
90,505.004,0,6940,0,0,0.0037179,0,0.993873,0
91,505.002,0,6940,0,0,0.00347628,0,0.690316,0
92,505.002,0,6940,-7.06408e-026,-2.3122e-026,0.00495642,0,0.690316,0
93,505.001,0,6940,2.41032e-026,-8.45738e-026,0.00330428,0,0.665725,0
94,505.001,0,6940,3.08825e-025,-1.53783e-025,0.00374511,0,0.656329,0
95,505.001,0,6940,-1.13945e-025,-4.48799e-026,0.00371639,0,0.674616,0
96,505.001,0,6940,-3.04482e-026,5.5571e-026,0.00371705,0,0.68561,0
97,505.001,0,6940,-2.22018e-027,7.84579e-026,0.00371739,0,0.686307,0
98,505.001,0,6940,3.41529e-026,4.60649e-026,0.00371764,0,0.686552,0
99,505.001,0,6940,0,0,0.00371763,0,0.686552,0
100,502,0,6940,0,0,0.00225073,0,0,0
101,502,0,6940,0,0,0.00244381,0,0,0
102,502,0,6940,0,0,0.0043155,0,0,0
103,502,0,6940,0,0,0.00561631,0,0,0
104,502,0,6940,0,0,0.00202383,0,0,0
105,502,0,6940,0,0,0.0023625,0,0,0
106,502,0,6940,0,0,0.00308099,0,0,0
107,502,0,6940,0,0,0.00344029,0,0,0
108,502,0,6940,0,0,0.00280852,0,0,0
1,506,0,6940,0,0,-0.0111931,0,1,0
2,506,0,6940,0,0,-0.0099748,0,1,0
3,506,0,6940,0,0,-0.0062705,0,1,0
4,506,0,6940,0,0,-0.00254967,0,1,0
5,506,0,6940,0,0,-0.00102568,0,1,0
6,506,0,6940,0,0,-0.000986794,0,1,0
7,506,0,6940,0,0,-0.00097007,0,1,0
8,506,0,6940,0,0,-0.000151153,0,1,0
9,506,0,6940,0,0,0.00074283,0,1,0
10,505.867,0,6940,0,0,-0.0118718,0,1,0
11,505.867,0,6940,0.00018634,0.000860862,-0.0108788,0,1,0
12,505.862,0,6940,-0.000161833,0.000813353,-0.00595675,0,1,0
13,505.77,0,6940,-0.000160175,0.000929794,-0.00214516,0,1,0
14,505.623,0,6940,1.30674e-006,4.58392e-006,-0.000677157,0,1,0
15,505.498,0,6940,2.20095e-006,4.58392e-006,-0.00103518,0,1,0
16,505.539,0,6940,3.09516e-006,4.58392e-006,-0.0011594,0,1,0
17,505.627,0,6940,-2.08818e-005,0.000866014,-0.000462959,0,1,0
18,505.627,0,6940,0,0,0.00160105,0,1,0
19,505.795,0,6940,0,0,-0.0121111,0,1,0
20,505.795,0,6940,5.46149e-006,0.000940678,-0.0108543,0,1,0
21,505.651,0,6940,-0.000107254,0.000744067,-0.00487333,0,1,0
22,505.515,0,6940,6.08605e-007,3.77036e-006,-0.00217453,0,1,0
23,505.26,0,6940,1.30674e-006,3.71713e-006,-0.00141386,0,1,0
24,504.996,0,6940,2.20095e-006,3.71713e-006,-0.00103553,0,0.0175072,0
25,505.245,0,6940,3.09516e-006,3.71713e-006,-0.000833372,0,1,0
26,505.318,0,6940,3.98937e-006,3.71713e-006,-9.26463e-005,0,1,0
27,505.318,0,6940,0,0,0.000352442,0,1,0
28,505.655,0,6940,0,0,-0.0113023,0,1,0
29,505.655,0,6940,-0.000222362,0.000868949,-0.0103714,0,1,0
30,505.413,0,6940,0.00012393,0.000831345,-0.00526145,0,1,0
31,505.229,0,6940,-2.57162e-007,2.86767e-006,-0.00236531,0,1,0
32,505.003,0,6940,1.30674e-006,2.85034e-006,-0.00244729,0,0.8327,0
33,504.996,0,6940,2.20095e-006,2.85034e-006,-0.00264672,0,0.0135579,0
34,504.996,0,6940,3.09516e-006,2.85034e-006,-0.000112363,0,0.0074173,0
35,505.179,0,6940,3.98937e-006,2.85034e-006,5.54118e-005,0,1,0
36,505.179,0,6940,0,0,9.60409e-005,0,1,0
37,505.364,0,6940,0,0,-0.00975131,0,1,0
38,505.364,0,6940,-1.26174e-012,1.79732e-012,-0.00935988,0,1,0
39,505.259,0,6940,-3.51776e-013,1.82602e-012,-0.00645682,0,1,0
40,505.129,0,6940,8.03606e-013,2.3669e-012,-0.00340705,0,1,0
41,505.053,0,6940,1.30674e-006,1.98355e-006,-0.00294948,0,1,0
42,505.004,0,6940,2.20095e-006,1.98355e-006,-0.00271094,0,0.992718,0
43,505.053,0,6940,3.09516e-006,1.98355e-006,-0.000118603,0,1,0
44,505.105,0,6940,3.98937e-006,1.98355e-006,8.2461e-005,0,1,0
45,505.105,0,6940,0,0,8.58768e-005,0,1,0
46,505.161,0,6940,0,0,-0.00904376,0,1,0
47,505.161,0,6940,-1.31082e-012,9.72664e-013,-0.00877239,0,1,0
48,504.996,0,6940,-3.37979e-013,8.63438e-013,-0.00832799,0,0.0137426,0
49,505.066,0,6940,8.56971e-013,8.52832e-013,-0.00309776,0,1,0
50,505.004,0,6940,-7.60133e-007,3.90704e-006,-0.00304388,0,1,0
51,505.004,0,6940,5.4847e-021,1.44261e-020,-0.00291025,0,0.986492,0
52,505.004,0,6940,1.38232e-020,1.44259e-020,-0.00153308,0,0.969566,0
53,505.032,0,6940,2.21602e-020,1.44252e-020,9.17933e-005,0,1,0
54,505.032,0,6940,0,0,8.85089e-005,0,1,0
55,505.109,0,6940,0,0,-0.00880468,0,1,0
56,505.109,0,6940,-1.42348e-012,-2.68332e-013,-0.00874797,0,1,0
57,505.004,0,6940,-7.9339e-020,6.1687e-020,-0.00867931,0,0.943785,0
58,505.014,0,6940,2.51047e-020,5.66254e-020,-0.00306243,0,1,0
59,505.004,0,6940,-6.85032e-021,-3.14238e-020,-0.00302551,0,1,0
60,505.004,0,6940,5.48554e-021,6.34329e-021,-0.00298254,0,0.995109,0
61,504.983,0,6940,1.38227e-020,6.34365e-021,-0.00192127,0,0,0
62,504.996,0,6940,2.21602e-020,6.34378e-021,-0.00300309,0,0.000181984,0
63,504.996,0,6940,0,0,-0.00300309,0,0.000181984,0
64,505.047,0,6940,0,0,-0.0087552,0,1,0
65,505.047,0,6940,1.82907e-024,7.2789e-024,-0.0087446,0,1,0
66,505.004,0,6940,-1.01383e-024,7.02277e-024,-0.00871172,0,0.99993,0
67,504.996,0,6940,-4.14736e-024,4.60192e-024,-0.00305945,0,4.07992e-005,0
68,505.004,0,6940,1.78805e-023,4.53374e-023,-0.0029929,0,0.998051,0
69,504.996,0,6940,5.48564e-021,-1.73777e-021,-0.00300309,0,8.59049e-005,0
70,504.994,0,6940,1.38227e-020,-1.73783e-021,-0.00300309,0,0,0
71,505.004,0,6940,2.216e-020,-1.73769e-021,-0.00300309,0,0.999117,0
72,505.004,0,6940,0,0,-0.00300309,0,0.999117,0
73,505.004,0,6940,0,0,-0.00874659,0,0.999871,0
74,505.004,0,6940,-4.05469e-024,8.04824e-024,-0.0087391,0,0.999871,0
75,504.995,0,6940,-5.15825e-025,8.67202e-024,-0.00873143,0,0,0
76,504.989,0,6940,-5.08703e-025,1.18916e-023,-0.0480587,0,0,0
77,505.001,0,6940,1.39159e-023,7.8397e-024,-0.00300309,0,0.611867,0
78,505.004,0,6940,5.48561e-021,-9.81942e-021,-0.00300309,0,0.999691,0
79,505.004,0,6940,1.38229e-020,-9.81872e-021,-0.00300309,0,0.999416,0
80,505.004,0,6940,2.21593e-020,-9.81869e-021,-0.00300309,0,0.999765,0
81,505.004,0,6940,0,0,-0.00300309,0,0.999765,0
82,504.996,0,6940,0,0,-0.00359395,0,4.45817e-005,0
83,504.996,0,6940,-3.16977e-024,4.13086e-024,-0.0034912,0,4.45817e-005,0
84,504.991,0,6940,-1.43535e-024,4.94009e-024,-0.00327944,0,0,0
85,504.984,0,6940,1.28292e-024,3.72326e-024,-0.0030088,0,0,0
86,505.004,0,6940,1.10755e-023,1.55321e-024,-0.0030031,0,0.978328,0
87,505.004,0,6940,-5.2437e-020,1.63762e-019,-0.00300309,0,0.990136,0
88,504.996,0,6940,6.07415e-020,1.00322e-019,-0.00300309,0,0.000326242,0
89,505.004,0,6940,-3.7258e-020,1.5396e-019,-0.00300309,0,0.993821,0
90,505.004,0,6940,0,0,-0.00300309,0,0.993821,0
91,505.001,0,6940,0,0,-0.00369537,0,0.661274,0
92,505.001,0,6940,-1.30825e-024,7.69512e-025,-0.00400363,0,0.661274,0
93,505.001,0,6940,-5.93563e-025,6.33728e-025,-0.00266888,0,0.636551,0
94,505.001,0,6940,1.79613e-024,3.08019e-025,-0.00302449,0,0.627218,0
95,505.001,0,6940,4.51387e-025,2.7911e-025,-0.00300185,0,0.645658,0
96,505.001,0,6940,4.76467e-026,9.92962e-026,-0.00300235,0,0.656716,0
97,505.001,0,6940,5.3873e-027,8.21369e-026,-0.00300262,0,0.657394,0
98,505.001,0,6940,2.78385e-026,4.54352e-026,-0.00300281,0,0.657655,0
99,505.001,0,6940,0,0,-0.00300281,0,0.657655,0
100,502,0,6940,0,0,-0.0133046,0,0,0
101,502,0,6940,0,0,-0.0170794,0,0,0
102,502,0,6940,0,0,-0.00401259,0,0,0
103,502,0,6940,0,0,0.0164793,0,0,0
104,502,0,6940,0,0,0.00585515,0,0,0
105,502,0,6940,0,0,-0.000704134,0,0,0
106,502,0,6940,0,0,-0.00210371,0,0,0
107,502,0,6940,0,0,-0.00196295,0,0,0
108,502,0,6940,0,0,-0.00183467,0,0,0
1,506,0,6940,0,0,-0.00635925,0,1,0
2,506,0,6940,0,0,-0.00517986,0,1,0
3,506,0,6940,0,0,-0.00163322,0,1,0
4,506,0,6940,0,0,0.00193927,0,1,0
5,506,0,6940,0,0,0.00342081,0,1,0
6,506,0,6940,0,0,0.00343997,0,1,0
7,506,0,6940,0,0,0.00344371,0,1,0
8,506,0,6940,0,0,0.00425115,0,1,0
9,506,0,6940,0,0,0.00514702,0,1,0
10,505.838,0,6940,0,0,-0.00700517,0,1,0
11,505.838,0,6940,0.00015368,0.000868875,-0.00605241,0,1,0
12,505.845,0,6940,-0.000158189,0.000842895,-0.00135065,0,1,0
13,505.775,0,6940,-0.000140327,0.000959046,0.00231505,0,1,0
14,505.602,0,6940,1.35013e-006,4.22937e-006,0.00376743,0,1,0
15,505.486,0,6940,2.05076e-006,4.22937e-006,0.00338601,0,1,0
16,505.534,0,6940,2.75138e-006,4.22937e-006,0.00325387,0,1,0
17,505.627,0,6940,-1.46021e-005,0.000868274,0.00394476,0,1,0
18,505.627,0,6940,0,0,0.00601325,0,1,0
19,505.669,0,6940,0,0,-0.0071284,0,1,0
20,505.669,0,6940,-5.1647e-005,0.000892293,-0.00592599,0,1,0
21,505.572,0,6940,-0.000114965,0.000720285,-0.000451123,0,1,0
22,505.435,0,6940,9.82034e-007,3.57938e-006,0.00208361,0,1,0
23,505.247,0,6940,1.35013e-006,3.55023e-006,0.00296153,0,1,0
24,504.996,0,6940,2.05076e-006,3.55023e-006,0.003379,0,0.0245792,0
25,505.226,0,6940,2.75138e-006,3.55023e-006,0.00357847,0,1,0
26,505.308,0,6940,3.452e-006,3.55023e-006,0.00431858,0,1,0
27,505.308,0,6940,0,0,0.00476073,0,1,0
28,505.483,0,6940,0,0,-0.00628972,0,1,0
29,505.483,0,6940,-0.000229057,0.000776121,-0.00537385,0,1,0
30,505.381,0,6940,0.000121916,0.000681757,-0.000833549,0,1,0
31,505.239,0,6940,-2.16895e-007,2.95913e-006,0.00175248,0,1,0
32,505.003,0,6940,1.35014e-006,2.8711e-006,0.00177737,0,0.835744,0
33,504.996,0,6940,2.05076e-006,2.8711e-006,0.00162761,0,0.0149444,0
34,504.996,0,6940,2.75138e-006,2.8711e-006,0.00426411,0,0.00981811,0
35,505.153,0,6940,3.452e-006,2.8711e-006,0.00445123,0,1,0
36,505.153,0,6940,0,0,0.00449704,0,1,0
37,505.27,0,6940,0,0,-0.00486485,0,1,0
38,505.27,0,6940,-2.16404e-012,3.0886e-012,-0.00450052,0,1,0
39,505.198,0,6940,-6.04619e-013,3.13891e-012,-0.0018644,0,1,0
40,505.115,0,6940,1.45728e-012,4.08765e-012,0.000831829,0,1,0
41,505.045,0,6940,1.35014e-006,2.19196e-006,0.00126505,0,1,0
42,505.004,0,6940,2.05076e-006,2.19196e-006,0.00154806,0,0.992932,0
43,505.033,0,6940,2.75138e-006,2.19196e-006,0.00425439,0,1,0
44,505.061,0,6940,3.452e-006,2.19196e-006,0.00447911,0,1,0
45,505.061,0,6940,0,0,0.00448295,0,1,0
46,505.112,0,6940,0,0,-0.00421654,0,1,0
47,505.112,0,6940,-2.25498e-012,1.6728e-012,-0.00396933,0,1,0
48,504.996,0,6940,-5.7808e-013,1.48575e-012,-0.00356466,0,0.0162803,0
49,505.059,0,6940,1.52606e-012,1.44189e-012,0.00113407,0,1,0
50,505.025,0,6940,-8.37862e-007,4.07558e-006,0.00119087,0,1,0
51,505.004,0,6940,-3.57986e-019,-2.86881e-019,0.0013267,0,0.986649,0
52,505.004,0,6940,-2.54803e-019,-2.97314e-019,0.00268831,0,0.969776,0
53,505.019,0,6940,-2.14119e-019,-2.75506e-019,0.004487,0,1,0
54,505.019,0,6940,0,0,0.00448474,0,1,0
55,505.062,0,6940,0,0,-0.00399876,0,1,0
56,505.062,0,6940,-2.44766e-012,-4.65775e-013,-0.0039471,0,1,0
57,505.004,0,6940,-1.14152e-017,8.85801e-018,-0.00388459,0,0.944287,0
58,505.01,0,6940,3.6422e-018,8.15051e-018,0.00117137,0,1,0
59,505.009,0,6940,-5.49818e-019,-2.71744e-018,0.00120873,0,1,0
60,505.004,0,6940,-3.02719e-019,-3.81645e-019,0.00125283,0,0.995058,0
61,504.996,0,6940,-2.851e-019,-3.64003e-019,0.00229438,0,9.28623e-005,0
62,504.996,0,6940,-2.10516e-019,-3.36633e-019,0.00123163,0,0.00040414,0
63,504.996,0,6940,0,0,0.00123163,0,0.00040414,0
64,505.024,0,6940,0,0,-0.00395372,0,1,0
65,505.024,0,6940,5.67792e-020,6.01211e-021,-0.00394403,0,1,0
66,505.004,0,6940,2.30053e-020,-2.16576e-021,-0.00391403,0,1,0
67,504.996,0,6940,-1.36043e-020,-3.6403e-021,0.00117403,0,0.000215674,0
68,505.004,0,6940,8.42992e-020,1.87482e-019,0.0012421,0,0.99799,0
69,504.996,0,6940,-2.91444e-019,-3.71285e-019,0.00123163,0,0.000257396,0
70,504.996,0,6940,-2.80522e-019,-3.94283e-019,0.00123163,0,0.000105697,0
71,505.004,0,6940,-2.32681e-019,-4.03808e-019,0.00123163,0,0.998992,0
72,505.004,0,6940,0,0,0.00123163,0,0.998992,0
73,505.004,0,6940,0,0,-0.00394584,0,0.999842,0
74,505.004,0,6940,-2.32321e-020,2.19339e-020,-0.00393901,0,0.999842,0
75,504.996,0,6940,-4.73103e-021,2.20808e-020,-0.00393206,0,0.000129143,0
76,504.996,0,6940,6.95231e-021,2.46002e-020,-0.00785192,0,4.77503e-005,0
77,505.001,0,6940,4.81731e-020,3.49534e-021,0.00123162,0,0.611861,0
78,505.004,0,6940,-2.9778e-019,-4.09784e-019,0.00123163,0,0.999602,0
79,505.004,0,6940,-2.55111e-019,-3.70248e-019,0.00123163,0,0.99933,0
80,505.004,0,6940,-3.20156e-019,-3.60152e-019,0.00123163,0,0.999731,0
81,505.004,0,6940,0,0,0.00123163,0,0.999731,0
82,504.996,0,6940,0,0,0.00148373,0,0.000158071,0
83,504.996,0,6940,-2.94863e-021,3.65586e-021,0.00141744,0,0.000158071,0
84,504.996,0,6940,-4.65542e-021,8.17388e-021,0.00134279,0,4.56637e-005,0
85,504.996,0,6940,1.0143e-020,6.23406e-021,0.00123373,0,3.90503e-005,0
86,505.004,0,6940,1.53942e-020,1.05467e-020,0.00123163,0,0.978238,0
87,505.004,0,6940,-1.405e-019,4.63769e-019,0.00123163,0,0.990071,0
88,504.996,0,6940,6.3481e-020,2.01917e-019,0.00123163,0,0.000502955,0
89,505.004,0,6940,-5.56099e-019,4.01662e-019,0.00123163,0,0.993767,0
90,505.004,0,6940,0,0,0.00123163,0,0.993767,0
91,505.001,0,6940,0,0,0.00144663,0,0.632062,0
92,505.001,0,6940,-9.36777e-025,6.54514e-025,0.0016455,0,0.632062,0
93,505.001,0,6940,-7.91339e-025,8.24663e-025,0.0010934,0,0.607248,0
94,505.001,0,6940,1.49273e-024,1.08477e-024,0.00124028,0,0.597988,0
95,505.001,0,6940,7.48002e-025,1.58983e-025,0.00123114,0,0.616544,0
96,505.001,0,6940,5.01264e-026,5.53908e-027,0.00123134,0,0.627639,0
97,505.001,0,6940,-1.72357e-026,4.33583e-026,0.00123145,0,0.628297,0
98,505.001,0,6940,2.11422e-026,3.50348e-026,0.00123152,0,0.628573,0
99,505.001,0,6940,0,0,0.00123152,0,0.628573,0
100,502,0,6940,0,0,-0.00812853,0,0,0
101,502,0,6940,0,0,-0.0114807,0,0,0
102,502,0,6940,0,0,-0.0038461,0,0,0
103,502,0,6940,0,0,0.018163,0,0,0
104,502,0,6940,0,0,0.0129777,0,0,0
105,502,0,6940,0,0,0.00301987,0,0,0
106,502,0,6940,0,0,0.000936715,0,0,0
107,502,0,6940,0,0,0.00121142,0,0,0
108,502,0,6940,0,0,0.00100721,0,0,0
1,506,0,6940,0,0,-0.00631929,0,1,0
2,506,0,6940,0,0,-0.00520134,0,1,0
3,506,0,6940,0,0,-0.00184339,0,1,0
4,506,0,6940,0,0,0.00160669,0,1,0
5,506,0,6940,0,0,0.00310066,0,1,0
6,506,0,6940,0,0,0.00315096,0,1,0
7,506,0,6940,0,0,0.0031875,0,1,0
8,506,0,6940,0,0,0.00401536,0,1,0
9,506,0,6940,0,0,0.00491792,0,1,0
10,505.666,0,6940,0,0,-0.00692127,0,1,0
11,505.666,0,6940,0.000125015,0.000846603,-0.00603081,0,1,0
12,505.8,0,6940,-0.00014596,0.00086138,-0.00163935,0,1,0
13,505.746,0,6940,-0.000119672,0.000971927,0.0019787,0,1,0
14,505.59,0,6940,1.33033e-006,2.43209e-006,0.00344314,0,1,0
15,505.471,0,6940,1.22273e-006,2.43209e-006,0.00309056,0,1,0
16,505.527,0,6940,1.11513e-006,2.43209e-006,0.00300686,0,1,0
17,505.617,0,6940,-1.32718e-005,0.000865217,0.00372239,0,1,0
18,505.617,0,6940,0,0,0.00578894,0,1,0
19,505.444,0,6940,0,0,-0.00697626,0,1,0
20,505.444,0,6940,-9.23385e-005,0.00081903,-0.00582445,0,1,0
21,505.573,0,6940,-0.000106714,0.000712695,-0.000945984,0,1,0
22,505.463,0,6940,2.20121e-006,2.48879e-006,0.00163021,0,1,0
23,505.232,0,6940,1.33033e-006,2.53639e-006,0.0026116,0,1,0
24,504.996,0,6940,1.22273e-006,2.53639e-006,0.00305681,0,0.0316098,0
25,505.223,0,6940,1.11513e-006,2.53639e-006,0.00335766,0,1,0
26,505.295,0,6940,1.00753e-006,2.53639e-006,0.0041173,0,1,0
27,505.295,0,6940,0,0,0.0045622,0,1,0
28,505.248,0,6940,0,0,-0.00622515,0,1,0
29,505.248,0,6940,-0.000274025,0.000634673,-0.00543728,0,1,0
30,505.324,0,6940,0.000163941,0.000530063,-0.00134586,0,1,0
31,505.27,0,6940,-5.54356e-008,2.968e-006,0.00131245,0,1,0
32,505.003,0,6940,1.33033e-006,2.64069e-006,0.00133102,0,0.839191,0
33,504.996,0,6940,1.22273e-006,2.64069e-006,0.00079859,0,0.00978726,0
34,504.996,0,6940,1.11513e-006,2.64069e-006,0.00419361,0,0.0222264,0
35,505.14,0,6940,1.00753e-006,2.64069e-006,0.00429374,0,1,0
36,505.14,0,6940,0,0,0.00432137,0,1,0
37,505.133,0,6940,0,0,-0.00506003,0,1,0
38,505.133,0,6940,-5.72094e-012,8.21411e-012,-0.00473763,0,1,0
39,505.004,0,6940,-1.61721e-012,8.35281e-012,-0.0025082,0,0.998577,0
40,505.126,0,6940,4.52289e-012,1.10965e-011,0.000340416,0,1,0
41,505.015,0,6940,1.33033e-006,2.745e-006,0.000773157,0,1,0
42,505.004,0,6940,1.22273e-006,2.745e-006,0.000844385,0,0.988631,0
43,505.004,0,6940,1.11513e-006,2.745e-006,0.00417461,0,1,0
44,505.05,0,6940,1.00753e-006,2.745e-006,0.0043117,0,1,0
45,505.05,0,6940,0,0,0.00431413,0,1,0
46,505.043,0,6940,0,0,-0.00450401,0,1,0
47,505.043,0,6940,-6.02082e-012,4.46707e-012,-0.00429507,0,1,0
48,504.996,0,6940,-1.52146e-012,3.97436e-012,-0.00394865,0,0.0216346,0
49,505.038,0,6940,4.51893e-012,3.63013e-012,0.000606586,0,1,0
50,505.004,0,6940,-3.55704e-007,3.16519e-006,0.000641281,0,1,0
51,505.004,0,6940,-2.60594e-018,-2.88481e-019,0.000746669,0,0.98461,0
52,505.004,0,6940,-1.04487e-018,-4.55168e-019,0.002373,0,0.970326,0
53,505.011,0,6940,-1.2039e-018,-6.59739e-019,0.00431269,0,1,0
54,505.011,0,6940,0,0,0.00431405,0,1,0
55,505.004,0,6940,0,0,-0.00431922,0,1,0
56,505.004,0,6940,-6.52795e-012,-1.26358e-012,-0.00427495,0,1,0
57,505.004,0,6940,-8.16667e-017,6.33712e-017,-0.00422133,0,0.944733,0
58,505.007,0,6940,2.70823e-017,5.90527e-017,0.000630098,0,1,0
59,505.004,0,6940,-1.89305e-018,-1.32392e-017,0.000659186,0,1,0
60,505.004,0,6940,-1.26699e-018,-1.53193e-018,0.000691966,0,0.994436,0
61,504.996,0,6940,-1.57226e-018,-1.31924e-018,0.00191731,0,0.000245095,0
62,504.996,0,6940,-1.0972e-018,-6.83505e-019,0.000676475,0,0.000575204,0
63,504.996,0,6940,0,0,0.000676475,0,0.000575204,0
64,505.005,0,6940,0,0,-0.00428154,0,1,0
65,505.005,0,6940,3.25945e-019,2.52127e-019,-0.00427221,0,1,0
66,505.004,0,6940,1.59606e-019,1.82644e-019,-0.00424547,0,0.999873,0
67,504.996,0,6940,-9.07267e-020,1.47471e-019,0.000631079,0,0.000428109,0
68,505.004,0,6940,1.64954e-018,2.96895e-018,0.000684548,0,0.997868,0
69,504.996,0,6940,-1.03308e-018,-9.02617e-019,0.000676474,0,0.000422468,0
70,504.996,0,6940,-1.53144e-018,-1.09585e-018,0.000676475,0,0.000219777,0
71,505.004,0,6940,-1.30868e-018,-1.31324e-018,0.000676475,0,0.998867,0
72,505.004,0,6940,0,0,0.000676475,0,0.998867,0
73,505.004,0,6940,0,0,-0.0042741,0,0.999362,0
74,505.004,0,6940,-2.14035e-019,2.8266e-019,-0.00426783,0,0.999362,0
75,504.996,0,6940,-3.00071e-020,3.04963e-019,-0.00426326,0,0.000255832,0
76,504.996,0,6940,1.18135e-019,3.82526e-019,-0.00605614,0,0.000125485,0
77,505.001,0,6940,1.08007e-018,-4.34363e-020,0.000676472,0,0.611854,0
78,505.004,0,6940,-1.11524e-018,-6.35803e-019,0.000676475,0,0.999513,0
79,505.004,0,6940,-1.24402e-018,-6.41327e-019,0.000676475,0,0.999245,0
80,505.004,0,6940,-2.16816e-018,-5.20642e-019,0.000676475,0,0.999696,0
81,505.004,0,6940,0,0,0.000676475,0,0.999696,0
82,504.996,0,6940,0,0,0.000839917,0,0.000269671,0
83,504.996,0,6940,-4.43049e-020,6.73408e-020,0.000737926,0,0.000269671,0
84,504.996,0,6940,-6.18788e-020,1.39733e-019,0.00073039,0,0.000111067,0
85,504.996,0,6940,2.07431e-019,7.98324e-020,0.000676977,0,0.000124644,0
86,505.004,0,6940,1.78998e-019,1.74208e-019,0.000676472,0,0.978146,0
87,505.004,0,6940,-4.3627e-019,1.20855e-018,0.000676475,0,0.990002,0
88,504.996,0,6940,-1.40108e-019,7.14917e-019,0.000676475,0,0.000677946,0
89,505.004,0,6940,-2.43243e-018,1.58313e-018,0.000676475,0,0.993711,0
90,505.004,0,6940,0,0,0.000676475,0,0.993711,0
91,505.001,0,6940,0,0,0.000603556,0,0.602664,0
92,505.001,0,6940,-8.62651e-025,7.69375e-025,0.000909528,0,0.602664,0
93,505.001,0,6940,2.73018e-025,5.02948e-025,0.000598658,0,0.57776,0
94,505.001,0,6940,8.83159e-025,6.73322e-025,0.000681252,0,0.568575,0
95,505.001,0,6940,4.31369e-025,1.15975e-025,0.000676223,0,0.587245,0
96,505.001,0,6940,1.38514e-026,4.08118e-026,0.000676329,0,0.598377,0
97,505.001,0,6940,-3.40522e-026,7.08478e-026,0.000676389,0,0.599017,0
98,505.001,0,6940,3.16442e-026,4.55445e-026,0.000676431,0,0.599307,0
99,505.001,0,6940,0,0,0.000676431,0,0.599307,0
100,502,0,6940,0,0,-0.00723458,0,0,0
101,502,0,6940,0,0,-0.00748635,0,0,0
102,502,0,6940,0,0,0.0050588,0,0,0
103,502,0,6940,0,0,0.011953,0,0,0
104,502,0,6940,0,0,0.00746326,0,0,0
105,502,0,6940,0,0,0.00145527,0,0,0
106,502,0,6940,0,0,0.000331928,0,0,0
107,502,0,6940,0,0,0.000908917,0,0,0
108,502,0,6940,0,0,0.000701279,0,0,0
