1,312.0,0.0,1.18,0.0,0.0,0.0,0.0,1.0,0.0
2,312.0,0.0,1.18,0.0,0.0,0.0,0.0,1.0,1.9944489725476152e-08
3,312.0,0.0,1.18,0.0,0.0,0.0,0.0,1.0,1.9845762173609194e-08
4,312.0,0.0,1.18,0.0,0.0,0.0,0.0,1.0,7.445396211488942e-09
5,312.0,0.0,1.18,0.0,0.0,0.0,0.0,1.0,4.566040904401168e-10
6,312.0,0.0,1.18,0.0,0.0,0.0,0.0,1.0,1.4673775003023037e-09
7,312.0,0.0,1.18,0.0,0.0,0.0,0.0,1.0,7.240554320111093e-09
8,312.0,0.0,1.18,0.0,0.0,0.0,0.0,1.0,1.2705398865035906e-08
9,312.0,0.0,1.18,0.0,0.0,0.0,0.0,1.0,1.2520510647689253e-08
10,312.0,0.0,1.18,0.0,0.0,0.0,0.0,1.0,3.8529820958160095e-09
11,312.0,0.0,1.18,0.0,0.0,0.0,0.0,1.0,0.0
12,307.3686352536626,0.0,1.18,0.0,0.0,0.0,0.0,1.0,3.4338456318468274e-08
13,307.3686352536626,0.0,1.18,-0.009161674600540182,0.011842918389512186,0.011842918389512186,0.0,1.0,5.704985910704471e-08
14,307.2125146084081,0.0,1.18,-0.009138970789788332,0.02330718349375036,0.02330718349375036,0.0,1.0,5.949602982090608e-08
15,307.4532131180344,0.0,1.18,-0.005597670168036108,0.035026809380738454,0.035026809380738454,0.0,1.0,3.9013876157023234e-08
16,307.88634661076276,0.0,1.18,-0.0013862236271889382,0.04344544471129176,0.04344544471129176,0.0,1.0,1.1828176683410033e-08
17,308.42245699775066,0.0,1.18,0.0024850453906278907,0.046895574524816144,0.046895574524816144,0.0,1.0,2.4159615159607476e-10
18,309.00320046331353,0.0,1.18,0.005520130005127242,0.045066190883659075,0.045066190883659075,0.0,1.0,9.162355084875327e-09
19,309.56890130259484,0.0,1.18,0.007312359754217895,0.03876047171882143,0.03876047171882143,0.0,1.0,2.9076911012859132e-08
20,310.028916297617,0.0,1.18,0.007258960261089698,0.029653131452803273,0.029653131452803273,0.0,1.0,4.297744685781892e-08
21,310.2551825364273,0.0,1.18,0.00402681699994266,0.019423410320516154,0.019423410320516154,0.0,1.0,6.746754225640823e-08
22,310.2551825364273,0.0,1.18,0.0,0.0,0.0,0.0,1.0,9.065573267745676e-08
23,304.5364560777802,0.0,1.18,0.0,0.0,0.0,0.0,1.0,1.6458339748070374e-10
24,304.5364560777802,0.0,1.18,-0.0197193074152236,0.0008123461097387197,0.0008123461097387197,0.0,1.0,2.1394225470530983e-08
25,304.5490380809532,0.0,1.18,-0.020822132959049056,0.010001483870411422,0.010001483870411422,0.0,1.0,4.661606451252806e-08
26,304.76103269428904,0.0,1.18,-0.015238331836267402,0.020185243122929544,0.020185243122929544,0.0,1.0,4.145241066614702e-08
27,305.2073763142638,0.0,1.18,-0.007282288352700281,0.029561543524154393,0.029561543524154393,0.0,1.0,2.361762644219721e-08
28,305.91463220658875,0.0,1.18,0.0011608067165573633,0.036138676834605504,0.036138676834605504,0.0,1.0,6.133035997423834e-09
29,306.7725180388236,0.0,1.18,0.009225522162854886,0.038662012805241994,0.038662012805241994,0.0,1.0,1.2428984689458552e-09
30,307.69977823995646,0.0,1.18,0.01563071951503566,0.03621690565344056,0.03621690565344056,0.0,1.0,1.7309060009243964e-08
31,308.5463165193948,0.0,1.18,0.01845120814397237,0.028716315414230382,0.028716315414230382,0.0,1.0,4.8573189843560455e-08
32,309.0381495207025,0.0,1.18,0.015613183459985669,0.017060981801379098,0.017060981801379098,0.0,1.0,7.951198323226086e-08
33,309.0381495207025,0.0,1.18,0.0,0.0,0.0,0.0,1.0,7.049628679902173e-08
34,303.1561544819678,0.0,1.18,0.0,0.0,0.0,0.0,1.0,6.511903559242987e-09
35,303.1561544819678,0.0,1.18,-0.02475319872201611,-0.005086618581043926,-0.005086618581043926,0.0,1.0,3.17324108067559e-09
36,303.3024894164014,0.0,1.18,-0.028436415144783896,7.116832921193754e-05,7.116832921193754e-05,0.0,1.0,1.5283431669080398e-08
37,303.66047803259494,0.0,1.18,-0.022426450820950093,0.006010643785525693,0.006010643785525693,0.0,1.0,1.5483859784365684e-08
38,304.18360830161015,0.0,1.18,-0.012608677962982255,0.011687136428865723,0.011687136428865723,0.0,1.0,1.0925254618572764e-08
39,304.77686391121574,0.0,1.18,-0.0015691792716171515,0.01657730439902642,0.01657730439902642,0.0,1.0,5.2635338462829625e-09
40,305.6053252062944,0.0,1.18,0.010016969336629012,0.01998032155523723,0.01998032155523723,0.0,1.0,1.039338987870742e-09
41,306.59494182138417,0.0,1.18,0.02089495007820305,0.020503210454562777,0.020503210454562777,0.0,1.0,4.6689869653414155e-09
42,307.56749584032434,0.0,1.18,0.028061081013945395,0.016766991009000608,0.016766991009000608,0.0,1.0,2.0527732845129165e-08
43,308.2029797091285,0.0,1.18,0.026130749081075353,0.010058761314663985,0.010058761314663985,0.0,1.0,3.2436501296162043e-08
44,308.2029797091285,0.0,1.18,0.0,0.0,0.0,0.0,1.0,2.4637562077106717e-08
45,302.48837697530956,0.0,1.18,0.0,0.0,0.0,0.0,1.0,1.4722687209189452e-08
46,302.48837697530956,0.0,1.18,-0.02682055924178315,-0.007631519851770862,-0.007631519851770862,0.0,1.0,1.9670839876790743e-09
47,302.7291906938698,0.0,1.18,-0.031776009804475314,-0.0052213071058249605,-0.0052213071058249605,0.0,1.0,2.0781697698739952e-09
48,303.2140606001021,0.0,1.18,-0.02582021576767749,-0.0029028927183819037,-0.0029028927183819037,0.0,1.0,2.0271684866771628e-09
49,303.8154525641613,0.0,1.18,-0.015229710785633675,-0.0007787315266245943,-0.0007787315266245943,0.0,1.0,1.6574292618861876e-09
50,304.4487946440268,0.0,1.18,-0.002810859378935618,0.0014308811032493654,0.0014308811032493654,0.0,1.0,1.4030984606645695e-09
51,305.146006076039,0.0,1.18,0.010397540209654957,0.003818048919610188,0.003818048919610188,0.0,1.0,1.0681450348425158e-09
52,306.0682580868632,0.0,1.18,0.023728403710317432,0.005486238033088073,0.005486238033088073,0.0,1.0,9.044545823584067e-10
53,307.0036107041122,0.0,1.18,0.03350869777166942,0.005217391482555616,0.005217391482555616,0.0,1.0,2.6053411342517426e-09
54,307.565715938939,0.0,1.18,0.03147804530423853,0.004013121647114967,0.004013121647114967,0.0,1.0,3.399779229217321e-09
55,307.565715938939,0.0,1.18,0.0,0.0,0.0,0.0,1.0,3.937959035928657e-09
56,302.11675123534684,0.0,1.18,0.0,0.0,0.0,0.0,1.0,2.3550917381687853e-08
57,302.11675123534684,0.0,1.18,-0.02671879357463748,-0.009640232857548812,-0.009640232857548812,0.0,1.0,6.877532888113099e-09
58,302.43534462232515,0.0,1.18,-0.031688462190672166,-0.009962598315415206,-0.009962598315415206,0.0,1.0,8.092442859032147e-10
59,303.01403159885587,0.0,1.18,-0.025961129535063358,-0.010400430176375802,-0.010400430176375802,0.0,1.0,3.0893790188965034e-10
60,303.6830910523199,0.0,1.18,-0.015379038981513889,-0.010445979690784448,-0.010445979690784448,0.0,1.0,8.269454598561711e-11
61,304.33556955479384,0.0,1.18,-0.0027353090274068338,-0.009715469774942642,-0.009715469774942642,0.0,1.0,4.5608016246843416e-10
62,305.0257528571863,0.0,1.18,0.010885227697754246,-0.007771256667873235,-0.007771256667873235,0.0,1.0,1.2454409556516184e-09
63,305.81661557877584,0.0,1.18,0.024457810806198715,-0.005240987972245881,-0.005240987972245881,0.0,1.0,1.5925925654198433e-09
64,306.5790002678259,0.0,1.18,0.03440889448389139,-0.002753744545290362,-0.002753744545290362,0.0,1.0,1.9783128777362875e-09
65,306.99619217065083,0.0,1.18,0.03145948167947018,9.999412417124468e-05,9.999412417124468e-05,0.0,1.0,1.1863847996524227e-09
66,306.99619217065083,0.0,1.18,0.0,0.0,0.0,0.0,1.0,2.45394811726955e-12
67,301.8333889211519,0.0,1.18,0.0,0.0,0.0,0.0,1.0,3.9179767794977365e-08
68,301.8333889211519,0.0,1.18,-0.023770289056643332,-0.01242244300090171,-0.01242244300090171,0.0,1.0,2.2483422168204583e-08
69,302.19901467671076,0.0,1.18,-0.028279945685811225,-0.01629291304377493,-0.01629291304377493,0.0,1.0,9.309799013815148e-09
70,302.8260086813397,0.0,1.18,-0.023658794778735875,-0.01924930547498147,-0.01924930547498147,0.0,1.0,3.5680980444369282e-09
71,303.53677815795,0.0,1.18,-0.014307929838549891,-0.020279365014159573,-0.020279365014159573,0.0,1.0,4.1730804225394287e-10
72,304.2453492319272,0.0,1.18,-0.002422370181449044,-0.019262055881090277,-0.019262055881090277,0.0,1.0,7.501117127038335e-10
73,304.91392521340373,0.0,1.18,0.010531357427297135,-0.016818788129645684,-0.016818788129645684,0.0,1.0,2.981857820867965e-09
74,305.5710282229735,0.0,1.18,0.022965438833129213,-0.012859774316610796,-0.012859774316610796,0.0,1.0,6.91355655306311e-09
75,306.1190869065186,0.0,1.18,0.03160355551171894,-0.007860305484437488,-0.007860305484437488,0.0,1.0,1.130182000725332e-08
76,306.38857323682817,0.0,1.18,0.028049780019288234,-0.0024327939698183566,-0.0024327939698183566,0.0,1.0,8.439067870249278e-09
77,306.38857323682817,0.0,1.18,0.0,0.0,0.0,0.0,1.0,1.4583035229798627e-09
78,301.5210726229428,0.0,1.18,0.0,0.0,0.0,0.0,1.0,6.845705959317861e-08
79,301.5210726229428,0.0,1.18,-0.017297424017893807,-0.01640346490829625,-0.01640346490829625,0.0,1.0,5.172771964777348e-08
80,301.8692666447028,0.0,1.18,-0.021667320361538508,-0.02395666246270255,-0.02395666246270255,0.0,1.0,2.5636881816207865e-08
81,302.47708105017966,0.0,1.18,-0.019582013377689517,-0.029137769650348137,-0.029137769650348137,0.0,1.0,9.808857738941401e-09
82,303.20617948705757,0.0,1.18,-0.012800503051340593,-0.031011477121335385,-0.031011477121335385,0.0,1.0,1.0958842763260744e-09
83,303.93102899443875,0.0,1.18,-0.0029138468444935765,-0.02973392804424428,-0.02973392804424428,0.0,1.0,1.7240764015630403e-09
84,304.5860267563332,0.0,1.18,0.00824835246233399,-0.02599198552052271,-0.02599198552052271,0.0,1.0,8.264284456501296e-09
85,305.0926816636492,0.0,1.18,0.01885590186111118,-0.02026635329087917,-0.02026635329087917,0.0,1.0,1.8713776830654833e-08
86,305.47928785461556,0.0,1.18,0.025781726309873295,-0.01261006875715788,-0.01261006875715788,0.0,1.0,2.7091719018838157e-08
87,305.5950546627363,0.0,1.18,0.02278685013986992,-0.005282011957033651,-0.005282011957033651,0.0,1.0,1.9496548168141073e-08
88,305.5950546627363,0.0,1.18,0.0,0.0,0.0,0.0,1.0,6.910166444460885e-09
89,301.12112467685483,0.0,1.18,0.0,0.0,0.0,0.0,1.0,1.0039623033624962e-07
90,301.12112467685483,0.0,1.18,-0.008299310792183505,-0.019838495389658407,-0.019838495389658407,0.0,1.0,7.35287084076156e-08
91,301.3780621440908,0.0,1.18,-0.012728843767433641,-0.029296754853324423,-0.029296754853324423,0.0,1.0,3.685417198281506e-08
92,301.8591955075975,0.0,1.18,-0.013391090368793606,-0.036411553596451665,-0.036411553596451665,0.0,1.0,2.035859143353823e-08
93,302.4706767854457,0.0,1.18,-0.010176657296080976,-0.040525989173266753,-0.040525989173266753,0.0,1.0,4.854626986614927e-09
94,303.1146080650411,0.0,1.18,-0.003954032126979683,-0.04068488851099856,-0.04068488851099856,0.0,1.0,9.145458239166677e-10
95,303.7044597893309,0.0,1.18,0.0039775343262600255,-0.03671865971644284,-0.03671865971644284,0.0,1.0,1.2045793542532095e-08
96,304.1546330256983,0.0,1.18,0.011912956835349264,-0.02941447383015654,-0.02941447383015654,0.0,1.0,3.1003566435281065e-08
97,304.36673835793306,0.0,1.18,0.017020447271974076,-0.020211693457687082,-0.020211693457687082,0.0,1.0,4.543975979785568e-08
98,304.401895625719,0.0,1.18,0.015565639553043634,-0.010546220916017762,-0.010546220916017762,0.0,1.0,4.46259373928562e-08
99,304.401895625719,0.0,1.18,0.0,0.0,0.0,0.0,1.0,2.7763960367899817e-08
100,300.61482599369504,0.0,1.18,0.0,0.0,0.0,0.0,1.0,9.21552058130472e-08
101,300.61482599369504,0.0,1.18,-0.00013154393716796042,-0.018974884294071372,-0.018974884294071372,0.0,1.0,4.426029681054976e-08
102,300.7236509296839,0.0,1.18,-0.004225635013821217,-0.024956229210598712,-0.024956229210598712,0.0,1.0,2.0304756839967545e-08
103,300.9664950542645,0.0,1.18,-0.005628370872171157,-0.03144586660481719,-0.03144586660481719,0.0,1.0,2.1231592454641398e-08
104,301.30304495707657,0.0,1.18,-0.0051490018563742305,-0.03733600948609396,-0.03733600948609396,0.0,1.0,1.1975672629121263e-08
105,301.6812080101645,0.0,1.18,-0.00310169237558314,-0.04063538278303564,-0.04063538278303564,0.0,1.0,1.3887760037249446e-09
106,302.0466404861897,0.0,1.18,0.00017886198773826642,-0.03983068852327686,-0.03983068852327686,0.0,1.0,3.2802669608019036e-09
107,302.33422008380927,0.0,1.18,0.0039054500076233273,-0.03464104089419623,-0.03464104089419623,0.0,1.0,2.0571328361846875e-08
108,302.4715156837698,0.0,1.18,0.00649572480226179,-0.026293535500095395,-0.026293535500095395,0.0,1.0,3.734716249535708e-08
109,302.44567620226627,0.0,1.18,0.005277546297702358,-0.01728618505042489,-0.01728618505042489,0.0,1.0,5.90210174827623e-08
110,302.44567620226627,0.0,1.18,0.0,0.0,0.0,0.0,1.0,7.555895581151162e-08
111,300.0,0.0,1.18,0.0,0.0,0.0,0.0,1.0,0.0
112,300.0,0.0,1.18,0.0,0.0,0.0,0.0,1.0,4.4471477184812396e-12
113,300.0,0.0,1.18,0.0,0.0,0.0,0.0,1.0,4.589061180363262e-09
114,300.0,0.0,1.18,0.0,0.0,0.0,0.0,1.0,8.141516293633812e-09
115,300.0,0.0,1.18,0.0,0.0,0.0,0.0,1.0,6.8137466189354035e-09
116,300.0,0.0,1.18,0.0,0.0,0.0,0.0,1.0,2.472505849319271e-09
117,300.0,0.0,1.18,0.0,0.0,0.0,0.0,1.0,8.22197190546736e-12
118,300.0,0.0,1.18,0.0,0.0,0.0,0.0,1.0,3.919963729004625e-09
119,300.0,0.0,1.18,0.0,0.0,0.0,0.0,1.0,1.0844140039389602e-08
120,300.0,0.0,1.18,0.0,0.0,0.0,0.0,1.0,7.158202605548407e-09
121,300.0,0.0,1.18,0.0,0.0,0.0,0.0,1.0,0.0
1,312.0,0.0,1.18,0.0,0.0,0.0,0.0,1.0,0.0
2,312.0,0.0,1.18,0.0,0.0,0.0,0.0,1.0,1.6390657845296464e-08
3,312.0,0.0,1.18,0.0,0.0,0.0,0.0,1.0,1.8256040139184875e-08
4,312.0,0.0,1.18,0.0,0.0,0.0,0.0,1.0,6.959449269960623e-09
5,312.0,0.0,1.18,0.0,0.0,0.0,0.0,1.0,2.48834173290669e-10
6,312.0,0.0,1.18,0.0,0.0,0.0,0.0,1.0,2.106161369377428e-09
7,312.0,0.0,1.18,0.0,0.0,0.0,0.0,1.0,8.364322028536492e-09
8,312.0,0.0,1.18,0.0,0.0,0.0,0.0,1.0,1.289093808639337e-08
9,312.0,0.0,1.18,0.0,0.0,0.0,0.0,1.0,1.0608629293331163e-08
10,312.0,0.0,1.18,0.0,0.0,0.0,0.0,1.0,1.6628688074446087e-09
11,312.0,0.0,1.18,0.0,0.0,0.0,0.0,1.0,0.0
12,308.0640360317685,0.0,1.18,0.0,0.0,0.0,0.0,1.0,4.7893675965461684e-08
13,308.0640360317685,0.0,1.18,-0.00830541982472277,0.01401809150685543,0.01401809150685543,0.0,1.0,6.1618615827301e-08
14,307.9748244579545,0.0,1.18,-0.008765298064886903,0.025316475965572266,0.025316475965572266,0.0,1.0,5.7215471317270406e-08
15,308.18957190450175,0.0,1.18,-0.005411913351952919,0.03657410714544883,0.03657410714544883,0.0,1.0,3.631593106918469e-08
16,308.6036801857954,0.0,1.18,-0.0010233363702614724,0.04449926989595887,0.04449926989595887,0.0,1.0,9.70172947365709e-09
17,309.13239400064646,0.0,1.18,0.002977208288115625,0.04727161703704906,0.04727161703704906,0.0,1.0,3.051344458570645e-10
18,309.70355829326644,0.0,1.18,0.005933060411070108,0.04471182287214885,0.04471182287214885,0.0,1.0,1.1724278877837925e-08
19,310.25262152639834,0.0,1.18,0.007365558093256217,0.0379746312386834,0.0379746312386834,0.0,1.0,3.0222676450103774e-08
20,310.69067894117353,0.0,1.18,0.006681793270974329,0.029149680418033147,0.029149680418033147,0.0,1.0,3.793896587211394e-08
21,310.9078328974102,0.0,1.18,0.002645406347780225,0.020061260907674225,0.020061260907674225,0.0,1.0,6.190453285908646e-08
22,310.9078328974102,0.0,1.18,0.0,0.0,0.0,0.0,1.0,9.630204670669476e-08
23,305.4305089089705,0.0,1.18,0.0,0.0,0.0,0.0,1.0,3.594328660327368e-09
24,305.4305089089705,0.0,1.18,-0.019244644097558956,0.0038074140889728333,0.0038074140889728333,0.0,1.0,2.9763415767904628e-08
25,305.47156217208186,0.0,1.18,-0.02072917204056433,0.013778564201940565,0.013778564201940565,0.0,1.0,5.232989747320815e-08
26,305.6874067770531,0.0,1.18,-0.015116901472264332,0.02440969871113219,0.02440969871113219,0.0,1.0,4.313825268953176e-08
27,306.20339240694994,0.0,1.18,-0.006733920841000063,0.033800996212531575,0.033800996212531575,0.0,1.0,2.244139048876538e-08
28,306.93972196861824,0.0,1.18,0.00223549997530409,0.04000931224547189,0.04000931224547189,0.0,1.0,4.678732362640122e-09
29,307.81611547260087,0.0,1.18,0.010394115124604345,0.04192438870031484,0.04192438870031484,0.0,1.0,2.161246305930177e-09
30,308.73728711593526,0.0,1.18,0.01615254796300798,0.038748128463190985,0.038748128463190985,0.0,1.0,2.0517823880650105e-08
31,309.5523158638435,0.0,1.18,0.017675571171144242,0.0308892007013489,0.0308892007013489,0.0,1.0,4.906410525887027e-08
32,310.0251743475246,0.0,1.18,0.013605613121417863,0.019438332342612673,0.019438332342612673,0.0,1.0,8.565654681248775e-08
33,310.0251743475246,0.0,1.18,0.0,0.0,0.0,0.0,1.0,9.092985060891222e-08
34,304.0799836628582,0.0,1.18,0.0,0.0,0.0,0.0,1.0,9.491711648089877e-10
35,304.0799836628582,0.0,1.18,-0.02534391477907408,-0.001947910081290119,-0.001947910081290119,0.0,1.0,6.98893475141751e-09
36,304.25700732850976,0.0,1.18,-0.029258867042284194,0.004517358688473839,0.004517358688473839,0.0,1.0,2.2065436424791962e-08
37,304.66570078062307,0.0,1.18,-0.02262244722853246,0.011526203345781267,0.011526203345781267,0.0,1.0,1.9252249565824774e-08
38,305.2321582114273,0.0,1.18,-0.012001632457943199,0.01786654060613116,0.01786654060613116,0.0,1.0,1.1696255303987632e-08
39,305.92479605143365,0.0,1.18,-0.00022248701025332737,0.02284039152351555,0.02284039152351555,0.0,1.0,4.580448614164553e-09
40,306.7968680313728,0.0,1.18,0.01174877759254885,0.025730968416431424,0.025730968416431424,0.0,1.0,7.118499712643665e-10
41,307.8075332293557,0.0,1.18,0.022077291792857636,0.025520471416873403,0.025520471416873403,0.0,1.0,6.724444140714455e-09
42,308.75498038103575,0.0,1.18,0.02766196104239112,0.020973299116769425,0.020973299116769425,0.0,1.0,2.5139994421982524e-08
43,309.36453450203027,0.0,1.18,0.024315705248338797,0.013375641599076078,0.013375641599076078,0.0,1.0,4.396772105642198e-08
44,309.36453450203027,0.0,1.18,0.0,0.0,0.0,0.0,1.0,4.3238497007632425e-08
45,303.3668554613967,0.0,1.18,0.0,0.0,0.0,0.0,1.0,5.004852975951379e-09
46,303.3668554613967,0.0,1.18,-0.028802246977021564,-0.004462442117013167,-0.004462442117013167,0.0,1.0,1.4606392668245087e-09
47,303.6670106030717,0.0,1.18,-0.033832203174994135,-0.0005124989133858388,-0.0005124989133858388,0.0,1.0,5.591645049738872e-09
48,304.25985429687523,0.0,1.18,-0.026555140166914577,0.003062512842706241,0.003062512842706241,0.0,1.0,4.124985036557453e-09
49,304.9558472501623,0.0,1.18,-0.014507872033423224,0.0061178437651243,0.0061178437651243,0.0,1.0,2.528991987807796e-09
50,305.65172064301976,0.0,1.18,-0.0012694044682041061,0.00879746702336396,0.00879746702336396,0.0,1.0,1.4160923260775028e-09
51,306.4314317402976,0.0,1.18,0.012492707333430534,0.010851777006807846,0.010851777006807846,0.0,1.0,5.394762735922624e-10
52,307.3594066095351,0.0,1.18,0.025508934680069283,0.011358704378252826,0.011358704378252826,0.0,1.0,1.4233491332003693e-09
53,308.30318560053723,0.0,1.18,0.03401422929876476,0.010033469597871268,0.010033469597871268,0.0,1.0,4.862795027821219e-09
54,308.87995932923343,0.0,1.18,0.030570904418327712,0.007925480360377896,0.007925480360377896,0.0,1.0,9.423511061252043e-09
55,308.87995932923343,0.0,1.18,0.0,0.0,0.0,0.0,1.0,1.5228394450885725e-08
56,302.9291582592812,0.0,1.18,0.0,0.0,0.0,0.0,1.0,1.0932324741746223e-08
57,302.9291582592812,0.0,1.18,-0.03013805756432076,-0.006585763698952695,-0.006585763698952695,0.0,1.0,1.892710887596092e-09
58,303.348172869315,0.0,1.18,-0.03496358003228527,-0.0054427040194538956,-0.0054427040194538956,0.0,1.0,3.367320334498185e-10
59,304.0869900943271,0.0,1.18,-0.027320941884970744,-0.004767340594519394,-0.004767340594519394,0.0,1.0,2.2559909219781073e-10
60,304.8989616315623,0.0,1.18,-0.014791367926883334,-0.003816988632994674,-0.003816988632994674,0.0,1.0,3.3043947338781665e-10
61,305.6128541035202,0.0,1.18,-0.0009066865907797777,-0.002555286506033625,-0.002555286506033625,0.0,1.0,5.879936003457843e-10
62,306.3464406235421,0.0,1.18,0.013232123336253792,-0.0008341398583226655,-0.0008341398583226655,0.0,1.0,7.077065149918798e-10
63,307.1890540877899,0.0,1.18,0.026829505718278353,0.0007990072036905667,0.0007990072036905667,0.0,1.0,5.920973302829816e-10
64,307.9880130278707,0.0,1.18,0.03591694570740898,0.0022668563244254,0.0022668563244254,0.0,1.0,7.483482317479091e-10
65,308.4421484295896,0.0,1.18,0.03171893401445548,0.0043024947175117996,0.0043024947175117996,0.0,1.0,3.9581254624194367e-10
66,308.4421484295896,0.0,1.18,0.0,0.0,0.0,0.0,1.0,4.500654187217308e-09
67,302.5646155556989,0.0,1.18,0.0,0.0,0.0,0.0,1.0,2.479310355653624e-08
68,302.5646155556989,0.0,1.18,-0.028159512870418138,-0.009905864606059427,-0.009905864606059427,0.0,1.0,1.4764178838732997e-08
69,303.07547608468076,0.0,1.18,-0.0323997728241741,-0.01272537062543132,-0.01272537062543132,0.0,1.0,6.843289140395527e-09
70,303.9223090943446,0.0,1.18,-0.02557300723693236,-0.014785513690759013,-0.014785513690759013,0.0,1.0,2.271812628435051e-09
71,304.78988016727004,0.0,1.18,-0.013860490958925664,-0.015057310526103545,-0.015057310526103545,0.0,1.0,3.8320370276809847e-10
72,305.59152314078506,0.0,1.18,-0.0004949587761077091,-0.013362919954985265,-0.013362919954985265,0.0,1.0,1.1932121112020203e-09
73,306.2893606660181,0.0,1.18,0.012976842961641517,-0.010685596807211756,-0.010685596807211756,0.0,1.0,2.8287680187309327e-09
74,307.0091800067196,0.0,1.18,0.025723782433801,-0.007096951223499816,-0.007096951223499816,0.0,1.0,5.52067413268997e-09
75,307.6269031380396,0.0,1.18,0.03397746668905716,-0.002770027678027357,-0.002770027678027357,0.0,1.0,8.309001277161484e-09
76,307.93897538630756,0.0,1.18,0.029398997664625327,0.0020524993328269263,0.0020524993328269263,0.0,1.0,3.199543381532686e-09
77,307.93897538630756,0.0,1.18,0.0,0.0,0.0,0.0,1.0,1.027588228574113e-09
78,302.16301888243925,0.0,1.18,0.0,0.0,0.0,0.0,1.0,5.504073512632366e-08
79,302.16301888243925,0.0,1.18,-0.02166459131154188,-0.014739821615000617,-0.014739821615000617,0.0,1.0,4.9686945459779694e-08
80,302.6730062282352,0.0,1.18,-0.025749858558012192,-0.022527962782536153,-0.022527962782536153,0.0,1.0,2.727960624487374e-08
81,303.5092122089597,0.0,1.18,-0.02176656714909143,-0.027485834001179488,-0.027485834001179488,0.0,1.0,8.49247821267078e-09
82,304.4497506437948,0.0,1.18,-0.012758545856745615,-0.028407716420175262,-0.028407716420175262,0.0,1.0,6.965399654414375e-10
83,305.3059439545099,0.0,1.18,-0.0013041133720220646,-0.02614423736717714,-0.02614423736717714,0.0,1.0,3.38451910051664e-09
84,306.0260061752844,0.0,1.18,0.010657279085040662,-0.021533692934811235,-0.021533692934811235,0.0,1.0,1.0668761419943322e-08
85,306.58421753034656,0.0,1.18,0.02160176768788738,-0.01520846050565871,-0.01520846050565871,0.0,1.0,2.0008131718717334e-08
86,307.0192086675941,0.0,1.18,0.028687315065293248,-0.007655603824387101,-0.007655603824387101,0.0,1.0,2.556214228977059e-08
87,307.18229789108733,0.0,1.18,0.025026027577848907,-0.0005413335788477097,-0.0005413335788477097,0.0,1.0,1.11685581537403e-08
88,307.18229789108733,0.0,1.18,0.0,0.0,0.0,0.0,1.0,7.183233051158862e-11
89,301.60810479572456,0.0,1.18,0.0,0.0,0.0,0.0,1.0,9.967448338299781e-08
90,301.60810479572456,0.0,1.18,-0.011515950043871548,-0.01979902519482323,-0.01979902519482323,0.0,1.0,8.50253298037455e-08
91,301.99940052317737,0.0,1.18,-0.01597669187093647,-0.030570896134209696,-0.030570896134209696,0.0,1.0,4.707496713484806e-08
92,302.6983983145523,0.0,1.18,-0.01553730034783874,-0.03835458690742725,-0.03835458690742725,0.0,1.0,2.2374357037805708e-08
93,303.52932875595775,0.0,1.18,-0.010800258994033045,-0.042092076474192296,-0.042092076474192296,0.0,1.0,3.4335906581703947e-09
94,304.35383492751765,0.0,1.18,-0.00319757299054863,-0.04103112350373738,-0.04103112350373738,0.0,1.0,2.872233374475799e-09
95,305.0702685206955,0.0,1.18,0.005683375109088713,-0.0355844571800687,-0.0355844571800687,0.0,1.0,1.8864754958980658e-08
96,305.59474390656266,0.0,1.18,0.014207554957924905,-0.026780485557177085,-0.026780485557177085,0.0,1.0,4.0084437173708406e-08
97,305.8108445865727,0.0,1.18,0.01978033521839236,-0.016368841997553996,-0.016368841997553996,0.0,1.0,5.2470408945910515e-08
98,305.86322390746426,0.0,1.18,0.018279576017442355,-0.006173768064185552,-0.006173768064185552,0.0,1.0,3.588396875812736e-08
99,305.86322390746426,0.0,1.18,0.0,0.0,0.0,0.0,1.0,9.423852679556603e-09
100,300.88500542888784,0.0,1.18,0.0,0.0,0.0,0.0,1.0,9.895299138056699e-08
101,300.88500542888784,0.0,1.18,-0.001590324090728124,-0.019679941946506286,-0.019679941946506286,0.0,1.0,5.6987233225348765e-08
102,301.059660364645,0.0,1.18,-0.005795845749516044,-0.027560309444319323,-0.027560309444319323,0.0,1.0,3.254059312728311e-08
103,301.427262150715,0.0,1.18,-0.006873996400509211,-0.03564208369795026,-0.03564208369795026,0.0,1.0,2.922334208081088e-08
104,301.9080834996271,0.0,1.18,-0.005863532835925229,-0.04231704606637606,-0.04231704606637606,0.0,1.0,1.3425892438281652e-08
105,302.42473973982095,0.0,1.18,-0.003217532179724455,-0.04538790337087932,-0.04538790337087932,0.0,1.0,7.256922199482932e-10
106,302.9116748982614,0.0,1.18,0.0006304135769012709,-0.043436638277223764,-0.043436638277223764,0.0,1.0,7.090240320076875e-09
107,303.2923683225892,0.0,1.18,0.004924865310646005,-0.03643223896376088,-0.03643223896376088,0.0,1.0,3.168780738660723e-08
108,303.483297513851,0.0,1.18,0.008097195965691422,-0.026052231748046373,-0.026052231748046373,0.0,1.0,5.249872718285936e-08
109,303.4350769837497,0.0,1.18,0.007345484448346266,-0.01533932556753034,-0.01533932556753034,0.0,1.0,6.361228169958173e-08
110,303.4350769837497,0.0,1.18,0.0,0.0,0.0,0.0,1.0,5.911032609501375e-08
111,300.0,0.0,1.18,0.0,0.0,0.0,0.0,1.0,0.0
112,300.0,0.0,1.18,0.0,0.0,0.0,0.0,1.0,6.499967099052644e-10
113,300.0,0.0,1.18,0.0,0.0,0.0,0.0,1.0,8.63323415102289e-09
114,300.0,0.0,1.18,0.0,0.0,0.0,0.0,1.0,1.2143908421458951e-08
115,300.0,0.0,1.18,0.0,0.0,0.0,0.0,1.0,8.836058974788424e-09
116,300.0,0.0,1.18,0.0,0.0,0.0,0.0,1.0,2.6606373352368473e-09
117,300.0,0.0,1.18,0.0,0.0,0.0,0.0,1.0,1.0213885811606564e-10
118,300.0,0.0,1.18,0.0,0.0,0.0,0.0,1.0,6.2334516874904355e-09
119,300.0,0.0,1.18,0.0,0.0,0.0,0.0,1.0,1.6850359962580057e-08
120,300.0,0.0,1.18,0.0,0.0,0.0,0.0,1.0,1.3866944262257611e-08
121,300.0,0.0,1.18,0.0,0.0,0.0,0.0,1.0,0.0
1,312.0,0.0,1.18,0.0,0.0,0.0,0.0,1.0,0.0
2,312.0,0.0,1.18,0.0,0.0,0.0,0.0,1.0,1.5063455994354082e-08
3,312.0,0.0,1.18,0.0,0.0,0.0,0.0,1.0,1.7208600126250278e-08
4,312.0,0.0,1.18,0.0,0.0,0.0,0.0,1.0,6.486765778981976e-09
5,312.0,0.0,1.18,0.0,0.0,0.0,0.0,1.0,1.8341820647810552e-10
6,312.0,0.0,1.18,0.0,0.0,0.0,0.0,1.0,2.2282824892052074e-09
7,312.0,0.0,1.18,0.0,0.0,0.0,0.0,1.0,8.30425522260894e-09
8,312.0,0.0,1.18,0.0,0.0,0.0,0.0,1.0,1.2313716231958163e-08
9,312.0,0.0,1.18,0.0,0.0,0.0,0.0,1.0,9.636640277734712e-09
10,312.0,0.0,1.18,0.0,0.0,0.0,0.0,1.0,1.1984318296309919e-09
11,312.0,0.0,1.18,0.0,0.0,0.0,0.0,1.0,0.0
12,308.23408207646236,0.0,1.18,0.0,0.0,0.0,0.0,1.0,5.0937774399317646e-08
13,308.23408207646236,0.0,1.18,-0.007962064830441618,0.01446470046128158,0.01446470046128158,0.0,1.0,6.137034110216837e-08
14,308.16179027831805,0.0,1.18,-0.008510129511863892,0.02554533251328228,0.02554533251328228,0.0,1.0,5.466060735794541e-08
15,308.3685820359108,0.0,1.18,-0.005224894267902887,0.03646780371716325,0.03646780371716325,0.0,1.0,3.4075732304572846e-08
16,308.77291582800535,0.0,1.18,-0.0008785866889021857,0.044059339684230404,0.044059339684230404,0.0,1.0,8.61659666950808e-09
17,309.2902601037048,0.0,1.18,0.0030623055513354725,0.04654997228785506,0.04654997228785506,0.0,1.0,3.9919330164031773e-10
18,309.84589926557146,0.0,1.18,0.005911718447325017,0.043824416896860806,0.043824416896860806,0.0,1.0,1.2026112400007649e-08
19,310.3742933997602,0.0,1.18,0.00719876453614495,0.037120157760694,0.037120157760694,0.0,1.0,2.9202376229793368e-08
20,310.7899374757658,0.0,1.18,0.006368339704278312,0.02856929529375577,0.02856929529375577,0.0,1.0,3.51057944140822e-08
21,310.9933108482708,0.0,1.18,0.0022457947667685295,0.019933950032253418,0.019933950032253418,0.0,1.0,5.861593342608495e-08
22,310.9933108482708,0.0,1.18,0.0,0.0,0.0,0.0,1.0,9.503137804060936e-08
23,305.6675053856802,0.0,1.18,0.0,0.0,0.0,0.0,1.0,5.158022667834908e-09
24,305.6675053856802,0.0,1.18,-0.018861437613570665,0.004564568193596748,0.004564568193596748,0.0,1.0,3.1410469427608366e-08
25,305.71434436465086,0.0,1.18,-0.020335161878813946,0.014577004173170038,0.014577004173170038,0.0,1.0,5.196622964487078e-08
26,305.9304105769968,0.0,1.18,-0.014750805790909427,0.02510900406393385,0.02510900406393385,0.0,1.0,4.1784127192011705e-08
27,306.45419494879934,0.0,1.18,-0.006357389660983398,0.03429124473344889,0.03429124473344889,0.0,1.0,2.1084079301300827e-08
28,307.1887063886122,0.0,1.18,0.002559023733209798,0.040255365628982666,0.040255365628982666,0.0,1.0,4.03534452602179e-09
29,308.0531174324915,0.0,1.18,0.010523312856885344,0.04191434593004819,0.04191434593004819,0.0,1.0,2.4722234549200432e-09
30,308.9486355761887,0.0,1.18,0.015929966359508854,0.038581490501700406,0.038581490501700406,0.0,1.0,2.0652673113858915e-08
31,309.72705652000224,0.0,1.18,0.01705958156887228,0.030783199016453405,0.030783199016453405,0.0,1.0,4.716247299132125e-08
32,310.17397333887027,0.0,1.18,0.01281317611750802,0.019619194159218097,0.019619194159218097,0.0,1.0,8.362142533677418e-08
33,310.17397333887027,0.0,1.18,0.0,0.0,0.0,0.0,1.0,9.254096323736173e-08
34,304.32949886764845,0.0,1.18,0.0,0.0,0.0,0.0,1.0,3.287047344112821e-10
35,304.32949886764845,0.0,1.18,-0.025138441709408935,-0.0011472441041318145,-0.0011472441041318145,0.0,1.0,8.176491607972141e-09
36,304.5051834367936,0.0,1.18,-0.028951061112212732,0.005516354521586838,0.005516354521586838,0.0,1.0,2.3169579073211082e-08
37,304.92482133381674,0.0,1.18,-0.022184867519039635,0.012687803402877848,0.012687803402877848,0.0,1.0,1.9441879081922887e-08
38,305.4891377916671,0.0,1.18,-0.011509254071268885,0.019023120370767973,0.019023120370767973,0.0,1.0,1.1326729266020624e-08
39,306.19671129775935,0.0,1.18,0.00028016813429518805,0.02389381624353553,0.02389381624353553,0.0,1.0,4.1887615928712305e-09
40,307.0691643427675,0.0,1.18,0.012057385145836834,0.026598576821932656,0.026598576821932656,0.0,1.0,6.710272482616222e-10
41,308.06254958511164,0.0,1.18,0.021929586737036728,0.026186359479240237,0.026186359479240237,0.0,1.0,7.097269983525119e-09
42,308.9765121009923,0.0,1.18,0.02693136074467312,0.021542577515162583,0.021542577515162583,0.0,1.0,2.5281342333783054e-08
43,309.5537300871974,0.0,1.18,0.023308721514208583,0.013881940608532341,0.013881940608532341,0.0,1.0,4.505665460612633e-08
44,309.5537300871974,0.0,1.18,0.0,0.0,0.0,0.0,1.0,4.651689019586314e-08
45,303.605294142669,0.0,1.18,0.0,0.0,0.0,0.0,1.0,3.358081414469222e-09
46,303.605294142669,0.0,1.18,-0.028887804478899094,-0.003658168913073516,-0.003658168913073516,0.0,1.0,1.878193758139719e-09
47,303.9142521263825,0.0,1.18,-0.03375581619975354,0.0006002506752679237,0.0006002506752679237,0.0,1.0,6.5407564349664496e-09
48,304.5238601854455,0.0,1.18,-0.02616028499233981,0.004442700482886084,0.004442700482886084,0.0,1.0,4.601937185310687e-09
49,305.230880413571,0.0,1.18,-0.013922058370887907,0.007682691078014883,0.007682691078014883,0.0,1.0,2.614990376375016e-09
50,305.92186736388504,0.0,1.18,-0.0006855467464975856,0.010361057305507427,0.010361057305507427,0.0,1.0,1.3419931054650479e-09
51,306.71765235374465,0.0,1.18,0.012907863277376185,0.012309917208775369,0.012309917208775369,0.0,1.0,4.6228399052709083e-10
52,307.62831880834176,0.0,1.18,0.02546493517868651,0.012545869774645928,0.012545869774645928,0.0,1.0,1.6316194861065655e-09
53,308.5450768893677,0.0,1.18,0.03336842636490816,0.01098861796825746,0.01098861796825746,0.0,1.0,5.345957907823499e-09
54,309.1044360496735,0.0,1.18,0.029622484149476113,0.008688958043045479,0.008688958043045479,0.0,1.0,1.0919074226398064e-08
55,309.1044360496735,0.0,1.18,0.0,0.0,0.0,0.0,1.0,1.8277101212108446e-08
56,303.14965756410436,0.0,1.18,0.0,0.0,0.0,0.0,1.0,8.414379604700343e-09
57,303.14965756410436,0.0,1.18,-0.030577068057697304,-0.005781984675835338,-0.005781984675835338,0.0,1.0,1.151997708277403e-09
58,303.58773485662283,0.0,1.18,-0.03518402121776388,-0.004278425886535093,-0.004278425886535093,0.0,1.0,4.3340485460149394e-10
59,304.3552076432619,0.0,1.18,-0.027046946870563675,-0.003299121771787871,-0.003299121771787871,0.0,1.0,3.2445402232502124e-10
60,305.1832904779366,0.0,1.18,-0.014174649068811386,-0.0021089449734993,-0.0021089449734993,0.0,1.0,4.4391052312686256e-10
61,305.90034123849995,0.0,1.18,-0.0002750196803664189,-0.0006999996090158214,-0.0006999996090158214,0.0,1.0,5.827903784241017e-10
62,306.62392289777347,0.0,1.18,0.013714911528804729,0.0008433142762775458,0.0008433142762775458,0.0,1.0,5.492145071511662e-10
63,307.4646992332724,0.0,1.18,0.026925234353746417,0.002235919786198261,0.002235919786198261,0.0,1.0,4.2760353842971585e-10
64,308.25096751537535,0.0,1.18,0.035483315210355776,0.003445546547177358,0.003445546547177358,0.0,1.0,5.485288242318641e-10
65,308.6998318630643,0.0,1.18,0.031033085214710893,0.005204246449533809,0.005204246449533809,0.0,1.0,7.393186580478559e-10
66,308.6998318630642,0.0,1.18,0.0,0.0,0.0,0.0,1.0,6.5739336348408575e-09
67,302.7634669798541,0.0,1.18,0.0,0.0,0.0,0.0,1.0,2.124547518037335e-08
68,302.7634669798541,0.0,1.18,-0.028944162699754455,-0.00917583294461705,-0.00917583294461705,0.0,1.0,1.2596427359281478e-08
69,303.30625526076176,0.0,1.18,-0.032893729926396456,-0.011657638679196544,-0.011657638679196544,0.0,1.0,5.983384129611879e-09
70,304.1973341164866,0.0,1.18,-0.025459695600095644,-0.013409976875715272,-0.013409976875715272,0.0,1.0,1.9013677579425127e-09
71,305.08962809385383,0.0,1.18,-0.013294065808156542,-0.013404776659432193,-0.013404776659432193,0.0,1.0,4.191075456307366e-10
72,305.88694730365523,0.0,1.18,0.00016002694270493976,-0.011588390655896792,-0.011588390655896792,0.0,1.0,1.24631728943599e-09
73,306.57575524460697,0.0,1.18,0.013464613157458834,-0.008935586981894998,-0.008935586981894998,0.0,1.0,2.6635807594703423e-09
74,307.29221389090753,0.0,1.18,0.02593280914748987,-0.005542368812437735,-0.005542368812437735,0.0,1.0,4.960736477227533e-09
75,307.91392936388047,0.0,1.18,0.03381829400097603,-0.0014716895215820867,-0.0014716895215820867,0.0,1.0,7.226720061301025e-09
76,308.22884619646334,0.0,1.18,0.029063924323078152,0.0030504536619543905,0.0030504536619543905,0.0,1.0,2.3087553026292034e-09
77,308.22884619646334,0.0,1.18,0.0,0.0,0.0,0.0,1.0,2.265503280726351e-09
78,302.33530816118497,0.0,1.18,0.0,0.0,0.0,0.0,1.0,5.095339095641645e-08
79,302.33530816118497,0.0,1.18,-0.022590939751718112,-0.014190059577952392,-0.014190059577952392,0.0,1.0,4.782636584243321e-08
80,302.889411165568,0.0,1.18,-0.02639419046205256,-0.02186387608682326,-0.02186387608682326,0.0,1.0,2.646629692267137e-08
81,303.7763158558186,0.0,1.18,-0.021814912236648255,-0.02660798013085116,-0.02660798013085116,0.0,1.0,7.719760040318782e-09
82,304.7506343679415,0.0,1.18,-0.012323162021435689,-0.02722430851628973,-0.02722430851628973,0.0,1.0,6.683907630912984e-10
83,305.6160900097361,0.0,1.18,-0.000714031299472104,-0.024721730225108082,-0.024721730225108082,0.0,1.0,3.797014642956637e-09
84,306.32746505911706,0.0,1.18,0.011118999458852483,-0.01998107360348522,-0.01998107360348522,0.0,1.0,1.0932031486122948e-08
85,306.8922683064297,0.0,1.18,0.021895518604339567,-0.013648929844021293,-0.013648929844021293,0.0,1.0,1.9495093888651385e-08
86,307.3215054339972,0.0,1.18,0.02880108078144418,-0.006318394124057524,-0.006318394124057524,0.0,1.0,2.3891902465092108e-08
87,307.4965899605691,0.0,1.18,0.02505263298132255,0.0005418782389383377,0.0005418782389383377,0.0,1.0,9.132877507907008e-09
88,307.4965899605691,0.0,1.18,0.0,0.0,0.0,0.0,1.0,7.182989071640209e-11
89,301.7414913136247,0.0,1.18,0.0,0.0,0.0,0.0,1.0,9.82330029748907e-08
90,301.7414913136247,0.0,1.18,-0.012271654487552063,-0.019664030839833483,-0.019664030839833483,0.0,1.0,8.654947567708445e-08
91,302.16954734786646,0.0,1.18,-0.016593773939095093,-0.030626790311201874,-0.030626790311201874,0.0,1.0,4.8178342033130826e-08
92,302.9213695032374,0.0,1.18,-0.01574065916820181,-0.038378279131926436,-0.038378279131926436,0.0,1.0,2.1656363702525304e-08
93,303.7956813179073,0.0,1.18,-0.010615084042409314,-0.041848591518496486,-0.041848591518496486,0.0,1.0,2.8604008422863154e-09
94,304.6472082312071,0.0,1.18,-0.0028174643393206918,-0.04042427872669497,-0.04042427872669497,0.0,1.0,3.564122870165975e-09
95,305.376081843921,0.0,1.18,0.006062467749082108,-0.03467899416768754,-0.03467899416768754,0.0,1.0,2.015028129753993e-08
96,305.9009931335724,0.0,1.18,0.014493669193927137,-0.025663528356173384,-0.025663528356173384,0.0,1.0,4.094629728722101e-08
97,306.1191712188456,0.0,1.18,0.02007619811216809,-0.015181403004704561,-0.015181403004704561,0.0,1.0,5.192669590422639e-08
98,306.1699960662271,0.0,1.18,0.018603792801171807,-0.005109128747904303,-0.005109128747904303,0.0,1.0,3.2750953827879165e-08
99,306.1699960662271,0.0,1.18,0.0,0.0,0.0,0.0,1.0,6.440963360121589e-09
100,300.9596440441153,0.0,1.18,0.0,0.0,0.0,0.0,1.0,1.0033996752809542e-07
101,300.9596440441153,0.0,1.18,-0.0019817938232734363,-0.01982230008550658,-0.01982230008550658,0.0,1.0,6.015551580655136e-08
102,301.1532661875521,0.0,1.18,-0.006133207603350138,-0.0281365234790352,-0.0281365234790352,0.0,1.0,3.5232975617777786e-08
103,301.5529033963777,0.0,1.18,-0.007059357060677736,-0.03647268944825701,-0.03647268944825701,0.0,1.0,3.006945093823082e-08
104,302.06605072493835,0.0,1.18,-0.005883696677060288,-0.04313948915548843,-0.04313948915548843,0.0,1.0,1.2878914491992873e-08
105,302.6096811771056,0.0,1.18,-0.0031224844307506366,-0.04598779842219017,-0.04598779842219017,0.0,1.0,5.219394663553589e-10
106,303.11785170500065,0.0,1.18,0.0007710826098885104,-0.043711577534172964,-0.043711577534172964,0.0,1.0,8.1433243853396e-09
107,303.5150630129053,0.0,1.18,0.005089333127912961,-0.03636298796395534,-0.03636298796395534,0.0,1.0,3.361914485963557e-08
108,303.7170750676508,0.0,1.18,0.008331410379975581,-0.025669569380569416,-0.025669569380569416,0.0,1.0,5.4556369632178015e-08
109,303.6538530515593,0.0,1.18,0.007719363822170376,-0.014747455755852967,-0.014747455755852967,0.0,1.0,6.302936415496976e-08
110,303.6538530515593,0.0,1.18,0.0,0.0,0.0,0.0,1.0,5.4558070604903583e-08
111,300.0,0.0,1.18,0.0,0.0,0.0,0.0,1.0,0.0
112,300.0,0.0,1.18,0.0,0.0,0.0,0.0,1.0,1.0093849468239712e-09
113,300.0,0.0,1.18,0.0,0.0,0.0,0.0,1.0,9.667522989930553e-09
114,300.0,0.0,1.18,0.0,0.0,0.0,0.0,1.0,1.2807671520394576e-08
115,300.0,0.0,1.18,0.0,0.0,0.0,0.0,1.0,8.896935324572472e-09
116,300.0,0.0,1.18,0.0,0.0,0.0,0.0,1.0,2.505765617848074e-09
117,300.0,0.0,1.18,0.0,0.0,0.0,0.0,1.0,1.5280645483059162e-10
118,300.0,0.0,1.18,0.0,0.0,0.0,0.0,1.0,6.656740708772936e-09
119,300.0,0.0,1.18,0.0,0.0,0.0,0.0,1.0,1.7839264171923852e-08
120,300.0,0.0,1.18,0.0,0.0,0.0,0.0,1.0,1.5314502853802718e-08
121,300.0,0.0,1.18,0.0,0.0,0.0,0.0,1.0,0.0
1,312.0,0.0,1.18,0.0,0.0,0.0,0.0,1.0,0.0
2,312.0,0.0,1.18,0.0,0.0,0.0,0.0,1.0,1.4756942179864777e-08
3,312.0,0.0,1.18,0.0,0.0,0.0,0.0,1.0,1.6964361399138778e-08
4,312.0,0.0,1.18,0.0,0.0,0.0,0.0,1.0,6.371961740989833e-09
5,312.0,0.0,1.18,0.0,0.0,0.0,0.0,1.0,1.6850171629147898e-10
6,312.0,0.0,1.18,0.0,0.0,0.0,0.0,1.0,2.258861387796653e-09
7,312.0,0.0,1.18,0.0,0.0,0.0,0.0,1.0,8.28312147330473e-09
8,312.0,0.0,1.18,0.0,0.0,0.0,0.0,1.0,1.2159716087477966e-08
9,312.0,0.0,1.18,0.0,0.0,0.0,0.0,1.0,9.396845668461812e-09
10,312.0,0.0,1.18,0.0,0.0,0.0,0.0,1.0,1.1016808598408903e-09
11,312.0,0.0,1.18,0.0,0.0,0.0,0.0,1.0,0.0
12,308.2759699991714,0.0,1.18,0.0,0.0,0.0,0.0,1.0,5.170852788572394e-08
13,308.2759699991714,0.0,1.18,-0.007880641761104343,0.014575704792229194,0.014575704792229194,0.0,1.0,6.134161010269533e-08
14,308.2076482804456,0.0,1.18,-0.00844952228788047,0.025604951823320822,0.025604951823320822,0.0,1.0,5.406383757852118e-08
15,308.41255802144246,0.0,1.18,-0.005178452270010232,0.036446753114521405,0.036446753114521405,0.0,1.0,3.3534914475224475e-08
16,308.81425007546994,0.0,1.18,-0.0008421036743720658,0.04395402247464985,0.04395402247464985,0.0,1.0,8.349055859046313e-09
17,309.32825284696725,0.0,1.18,0.003083246085822523,0.046371702669477356,0.046371702669477356,0.0,1.0,4.2960362905258784e-10
18,309.87941493113,0.0,1.18,0.005904191200002975,0.04360302401566203,0.04360302401566203,0.0,1.0,1.2102536569362718e-08
19,310.40196961295675,0.0,1.18,0.007153607624000877,0.03690735799461395,0.03690735799461395,0.0,1.0,2.894055911591078e-08
20,310.8112925207029,0.0,1.18,0.006288606858489076,0.02842503381343075,0.02842503381343075,0.0,1.0,3.442135039372265e-08
21,311.0106687649052,0.0,1.18,0.002153234353310616,0.019897858823051826,0.019897858823051826,0.0,1.0,5.7834404372512606e-08
22,311.0106687649052,0.0,1.18,0.0,0.0,0.0,0.0,1.0,9.467700439855608e-08
23,305.726075942463,0.0,1.18,0.0,0.0,0.0,0.0,1.0,5.599273910913706e-09
24,305.726075942463,0.0,1.18,-0.01877514783900881,0.004756715124002058,0.004756715124002058,0.0,1.0,3.185938519975029e-08
25,305.7742641904013,0.0,1.18,-0.020242937364434246,0.014782030638357797,0.014782030638357797,0.0,1.0,5.189268477441891e-08
26,305.99067413603655,0.0,1.18,-0.014660498480519084,0.025289226713800374,0.025289226713800374,0.0,1.0,4.144206743140892e-08
27,306.515508618446,0.0,1.18,-0.0062600054963938,0.03441592752025499,0.03441592752025499,0.0,1.0,2.0731836648919608e-08
28,307.24881345123214,0.0,1.18,0.0026429927290554014,0.04031429415929817,0.04031429415929817,0.0,1.0,3.870435723903667e-09
29,308.10934183298247,0.0,1.18,0.010554619177614126,0.04190291883897813,0.04190291883897813,0.0,1.0,2.561364141247095e-09
30,308.9974090823263,0.0,1.18,0.015869327319669727,0.038526886048844584,0.038526886048844584,0.0,1.0,2.069457582051414e-08
31,309.76559315454807,0.0,1.18,0.01690320376209687,0.030741817263479965,0.030741817263479965,0.0,1.0,4.672169062830682e-08
32,310.2048781537092,0.0,1.18,0.012626799654463368,0.019642232063095927,0.019642232063095927,0.0,1.0,8.306673466208411e-08
33,310.2048781537092,0.0,1.18,0.0,0.0,0.0,0.0,1.0,9.273994231972215e-08
34,304.3905594621014,0.0,1.18,0.0,0.0,0.0,0.0,1.0,2.2416395502126324e-10
35,304.3905594621014,0.0,1.18,-0.025098633160276905,-0.000947595245479829,-0.000947595245479829,0.0,1.0,8.493877928495789e-09
36,304.5648350434282,0.0,1.18,-0.028881400201452242,0.005762650371181673,0.005762650371181673,0.0,1.0,2.3439574987511638e-08
37,304.98753562867967,0.0,1.18,-0.022076084724956997,0.012974239492892064,0.012974239492892064,0.0,1.0,1.9476704770938913e-08
38,305.55078196752646,0.0,1.18,-0.01138177780251649,0.019302122051267682,0.019302122051267682,0.0,1.0,1.1219213680814176e-08
39,306.2613431163777,0.0,1.18,0.00041294122299594224,0.02414262219220406,0.02414262219220406,0.0,1.0,4.084594726677763e-09
40,307.13317553215126,0.0,1.18,0.012137525881353294,0.026797595945201803,0.026797595945201803,0.0,1.0,6.647916763627366e-10
41,308.1211908337615,0.0,1.18,0.02188890155810219,0.026331376981137498,0.026331376981137498,0.0,1.0,7.198656006248259e-09
42,309.0256235607787,0.0,1.18,0.026749712558063087,0.02165927116239892,0.02165927116239892,0.0,1.0,2.5304200774593244e-08
43,309.59361134483726,0.0,1.18,0.023063510301351262,0.01399242146507044,0.01399242146507044,0.0,1.0,4.525140259852087e-08
44,309.59361134483726,0.0,1.18,0.0,0.0,0.0,0.0,1.0,4.7248080318268646e-08
45,303.6628676678895,0.0,1.18,0.0,0.0,0.0,0.0,1.0,3.007926792765988e-09
46,303.6628676678895,0.0,1.18,-0.02891852263083037,-0.003462853542978106,-0.003462853542978106,0.0,1.0,2.007565907610168e-09
47,303.9732560125235,0.0,1.18,-0.03374040582899265,0.0008664465088946792,0.0008664465088946792,0.0,1.0,6.769850444253617e-09
48,304.58618173592,0.0,1.18,-0.026061395222602785,0.004770243229132897,0.004770243229132897,0.0,1.0,4.714573620999681e-09
49,305.29550099309824,0.0,1.18,-0.013770270520024632,0.00805323296781765,0.00805323296781765,0.0,1.0,2.6289200400338352e-09
50,305.98393500994973,0.0,1.18,-0.0005306003737585043,0.010722303398041214,0.010722303398041214,0.0,1.0,1.3207856912909528e-09
51,306.7835597523317,0.0,1.18,0.01301511297943819,0.012647626203291322,0.012647626203291322,0.0,1.0,4.4849927220789644e-10
52,307.68947416640174,0.0,1.18,0.025449790994394532,0.012821884891185065,0.012821884891185065,0.0,1.0,1.6853231385735914e-09
53,308.5978646239488,0.0,1.18,0.03320159354749302,0.01121003278948372,0.01121003278948372,0.0,1.0,5.461333236336431e-09
54,309.1514419626814,0.0,1.18,0.029387821713508688,0.008856213184516867,0.008856213184516867,0.0,1.0,1.1285849881544056e-08
55,309.1514419626814,0.0,1.18,0.0,0.0,0.0,0.0,1.0,1.8981737517434633e-08
56,303.2020699339139,0.0,1.18,0.0,0.0,0.0,0.0,1.0,7.867608307134741e-09
57,303.2020699339139,0.0,1.18,-0.030689929597666407,-0.005591937785144327,-0.005591937785144327,0.0,1.0,1.0139206400874904e-09
58,303.64375724989634,0.0,1.18,-0.035236811066723855,-0.004009072908474933,-0.004009072908474933,0.0,1.0,4.682414585224625e-10
59,304.41698771048146,0.0,1.18,-0.026973856274568365,-0.0029600801937452116,-0.0029600801937452116,0.0,1.0,3.537900244665871e-10
60,305.24760591984676,0.0,1.18,-0.014017422115430372,-0.0017149377115981774,-0.0017149377115981774,0.0,1.0,4.744040027901488e-10
61,305.96631370023346,0.0,1.18,-0.00011284380338272474,-0.0002651527814928916,-0.0002651527814928916,0.0,1.0,5.824983072904259e-10
62,306.68781523781166,0.0,1.18,0.013837947079798386,0.0012357690050004767,0.0012357690050004767,0.0,1.0,5.148393071134139e-10
63,307.5262421812848,0.0,1.18,0.0269411790822852,0.002571890093200574,0.002571890093200574,0.0,1.0,3.9332425989236555e-10
64,308.30732193811974,0.0,1.18,0.03536454619451448,0.0037167275896861436,0.0037167275896861436,0.0,1.0,5.066186598611834e-10
65,308.7531960211142,0.0,1.18,0.030865281024206458,0.005401261369165894,0.005401261369165894,0.0,1.0,8.479681031827159e-10
66,308.7531960211142,0.0,1.18,0.0,0.0,0.0,0.0,1.0,7.0786404817123606e-09
67,302.81004916848997,0.0,1.18,0.0,0.0,0.0,0.0,1.0,2.0456559179263294e-08
68,302.81004916848997,0.0,1.18,-0.02913444762532164,-0.009005241849379727,-0.009005241849379727,0.0,1.0,1.2134252510919314e-08
69,303.35927637885277,0.0,1.18,-0.03300615613779536,-0.011415860671845917,-0.011415860671845917,0.0,1.0,5.80550670357831e-09
70,304.2593271313617,0.0,1.18,-0.02542370009928118,-0.013099447118462804,-0.013099447118462804,0.0,1.0,1.8229597497121438e-09
71,305.15661184786785,0.0,1.18,-0.01315258232576323,-0.013025898779518116,-0.013025898779518116,0.0,1.0,4.2985772935146974e-10
72,305.95019373552304,0.0,1.18,0.0003199872404804193,-0.01118424309209257,-0.01118424309209257,0.0,1.0,1.2647956031036282e-09
73,306.64083978536553,0.0,1.18,0.013585523931968007,-0.008524601815964206,-0.008524601815964206,0.0,1.0,2.6368440723008206e-09
74,307.3550814977042,0.0,1.18,0.02597660746043978,-0.005180189473862294,-0.005180189473862294,0.0,1.0,4.820613022229936e-09
75,307.97417265049063,0.0,1.18,0.033769382926094126,-0.0011796279561269685,-0.0011796279561269685,0.0,1.0,6.957134308728933e-09
76,308.2881893241197,0.0,1.18,0.028981542670921793,0.0032629430664863623,0.0032629430664863623,0.0,1.0,2.1381695943886372e-09
77,308.2881893241197,0.0,1.18,0.0,0.0,0.0,0.0,1.0,2.5911204997906635e-09
78,302.3750758025272,0.0,1.18,0.0,0.0,0.0,0.0,1.0,5.007872390307896e-08
79,302.3750758025272,0.0,1.18,-0.022810227809820158,-0.014069589323661945,-0.014069589323661945,0.0,1.0,4.743648462800438e-08
80,302.9388835048898,0.0,1.18,-0.02654031516587808,-0.021717281369126467,-0.021717281369126467,0.0,1.0,2.6285040011338015e-08
81,303.8360403486788,0.0,1.18,-0.02181714993601347,-0.026413261548727623,-0.026413261548727623,0.0,1.0,7.548963643439221e-09
82,304.816248663404,0.0,1.18,-0.012213467141613853,-0.026961742203029097,-0.026961742203029097,0.0,1.0,6.681450757255675e-10
83,305.6824145562454,0.0,1.18,-0.0005734636694997981,-0.024404560079931244,-0.024404560079931244,0.0,1.0,3.895248329582115e-09
84,306.39077840653266,0.0,1.18,0.011224882221731281,-0.019635937274503412,-0.019635937274503412,0.0,1.0,1.0993773970051676e-08
85,306.95688383984395,0.0,1.18,0.021960898894352657,-0.013305870837200667,-0.013305870837200667,0.0,1.0,1.9362962245729774e-08
86,307.3833988178252,0.0,1.18,0.028820320034330715,-0.0060309236647592655,-0.0060309236647592655,0.0,1.0,2.3488149232693367e-08
87,307.56040920085314,0.0,1.18,0.025055715790023685,0.000765259266857964,0.000765259266857964,0.0,1.0,8.719960857110252e-09
88,307.56040920085314,0.0,1.18,0.0,0.0,0.0,0.0,1.0,1.4319858507519313e-10
89,301.7723161281067,0.0,1.18,0.0,0.0,0.0,0.0,1.0,9.791056315087652e-08
90,301.7723161281067,0.0,1.18,-0.012449255550566921,-0.019633737230894368,-0.019633737230894368,0.0,1.0,8.693406711579673e-08
91,302.20843208188603,0.0,1.18,-0.01673385969968868,-0.03064415605038337,-0.03064415605038337,0.0,1.0,4.844264145074236e-08
92,302.97114595895965,0.0,1.18,-0.015779463612860516,-0.03838910757677175,-0.03838910757677175,0.0,1.0,2.148770812591587e-08
93,303.8534900766756,0.0,1.18,-0.010564015960412041,-0.04179901846758711,-0.04179901846758711,0.0,1.0,2.7373611011187648e-09
94,304.70925812896076,0.0,1.18,-0.0027257448176742465,-0.04029520380936635,-0.04029520380936635,0.0,1.0,3.727215568486872e-09
95,305.43958107053936,0.0,1.18,0.00614956828621862,-0.034486090514468146,-0.034486090514468146,0.0,1.0,2.043209100902942e-08
96,305.9637467733243,0.0,1.18,0.014557015361779342,-0.02542679165558329,-0.02542679165558329,0.0,1.0,4.111670519413451e-08
97,306.1819917352628,0.0,1.18,0.02013899021091761,-0.014935247283688223,-0.014935247283688223,0.0,1.0,5.177412915343652e-08
98,306.2320374805943,0.0,1.18,0.01867272164670326,-0.004893178629692184,-0.004893178629692184,0.0,1.0,3.2118768321027046e-08
99,306.2320374805943,0.0,1.18,0.0,0.0,0.0,0.0,1.0,5.9055898993696256e-09
100,300.97694619797784,0.0,1.18,0.0,0.0,0.0,0.0,1.0,1.0067777139733982e-07
101,300.97694619797784,0.0,1.18,-0.0020735931121948236,-0.01985678036118034,-0.01985678036118034,0.0,1.0,6.091882031828631e-08
102,301.1748044088672,0.0,1.18,-0.006209630659102593,-0.02827259059073184,-0.02827259059073184,0.0,1.0,3.5863573627970655e-08
103,301.5811501798614,0.0,1.18,-0.007097774125605803,-0.036665629346917576,-0.036665629346917576,0.0,1.0,3.024030058148819e-08
104,302.1005374245687,0.0,1.18,-0.0058831824694972916,-0.04332721276873988,-0.04332721276873988,0.0,1.0,1.273776277750186e-08
105,302.6489518304775,0.0,1.18,-0.0030967250536110985,-0.046122771003169145,-0.046122771003169145,0.0,1.0,4.816281724321384e-10
106,303.1607163627753,0.0,1.18,0.0008051324919413648,-0.043773664300386636,-0.043773664300386636,0.0,1.0,8.387943255092324e-09
107,303.56088822170994,0.0,1.18,0.005126438283418713,-0.03635047424882182,-0.03635047424882182,0.0,1.0,3.404730093474857e-08
108,303.7652091117046,0.0,1.18,0.008381790687693536,-0.02558964705408779,-0.02558964705408779,0.0,1.0,5.4998833970434654e-08
109,303.698531111365,0.0,1.18,0.007798298677487108,-0.014623938579177072,-0.014623938579177072,0.0,1.0,6.291506383648276e-08
110,303.698531111365,0.0,1.18,0.0,0.0,0.0,0.0,1.0,5.3632213083411336e-08
111,300.0,0.0,1.18,0.0,0.0,0.0,0.0,1.0,0.0
112,300.0,0.0,1.18,0.0,0.0,0.0,0.0,1.0,1.105062816653626e-09
113,300.0,0.0,1.18,0.0,0.0,0.0,0.0,1.0,9.909949059125683e-09
114,300.0,0.0,1.18,0.0,0.0,0.0,0.0,1.0,1.2947449680886792e-08
115,300.0,0.0,1.18,0.0,0.0,0.0,0.0,1.0,8.895380291479742e-09
116,300.0,0.0,1.18,0.0,0.0,0.0,0.0,1.0,2.464592815643534e-09
117,300.0,0.0,1.18,0.0,0.0,0.0,0.0,1.0,1.6659984365530426e-10
118,300.0,0.0,1.18,0.0,0.0,0.0,0.0,1.0,6.7541600762190514e-09
119,300.0,0.0,1.18,0.0,0.0,0.0,0.0,1.0,1.8055665706663192e-08
120,300.0,0.0,1.18,0.0,0.0,0.0,0.0,1.0,1.562930305551643e-08
121,300.0,0.0,1.18,0.0,0.0,0.0,0.0,1.0,0.0
1,312.0,0.0,1.18,0.0,0.0,0.0,0.0,1.0,0.0
2,312.0,0.0,1.18,0.0,0.0,0.0,0.0,1.0,1.4649150249657183e-08
3,312.0,0.0,1.18,0.0,0.0,0.0,0.0,1.0,1.6864442089260607e-08
4,312.0,0.0,1.18,0.0,0.0,0.0,0.0,1.0,6.324830891578217e-09
5,312.0,0.0,1.18,0.0,0.0,0.0,0.0,1.0,1.6349750858806993e-10
6,312.0,0.0,1.18,0.0,0.0,0.0,0.0,1.0,2.2636747128065585e-09
7,312.0,0.0,1.18,0.0,0.0,0.0,0.0,1.0,8.258331886282335e-09
8,312.0,0.0,1.18,0.0,0.0,0.0,0.0,1.0,1.2090874082674821e-08
9,312.0,0.0,1.18,0.0,0.0,0.0,0.0,1.0,9.31485748229687e-09
10,312.0,0.0,1.18,0.0,0.0,0.0,0.0,1.0,1.0740355420190202e-09
11,312.0,0.0,1.18,0.0,0.0,0.0,0.0,1.0,0.0
12,308.2847782923275,0.0,1.18,0.0,0.0,0.0,0.0,1.0,5.1822110155149405e-08
13,308.2847782923275,0.0,1.18,-0.007851806975982397,0.014592121336397966,0.014592121336397966,0.0,1.0,6.122819676261856e-08
14,308.21696039236434,0.0,1.18,-0.008424601889490433,0.02559759464598377,0.02559759464598377,0.0,1.0,5.381410761827659e-08
15,308.42159921006726,0.0,1.18,-0.005159265255601986,0.0364087054553346,0.0364087054553346,0.0,1.0,3.3325212021295e-08
16,308.82279861853164,0.0,1.18,-0.00082950492237592,0.04388548742533597,0.04388548742533597,0.0,1.0,8.255323055124774e-09
17,309.33611447286046,0.0,1.18,0.0030865293258059523,0.046280366726705394,0.046280366726705394,0.0,1.0,4.390800290519178e-10
18,309.8863936662526,0.0,1.18,0.005895349597596497,0.043504846414607806,0.043504846414607806,0.0,1.0,1.2092040285880568e-08
19,310.4078459279461,0.0,1.18,0.007133328873554018,0.03682325020661817,0.03682325020661817,0.0,1.0,2.8789952892454606e-08
20,310.8160566122201,0.0,1.18,0.006261112470218609,0.028372735812606478,0.028372735812606478,0.0,1.0,3.415645443116707e-08
21,311.0148241548821,0.0,1.18,0.002126046331508065,0.019883811327625733,0.019883811327625733,0.0,1.0,5.7562946640132133e-08
22,311.0148241548821,0.0,1.18,0.0,0.0,0.0,0.0,1.0,9.454084507210567e-08
23,305.7403411781394,0.0,1.18,0.0,0.0,0.0,0.0,1.0,5.703897487176377e-09
24,305.7403411781394,0.0,1.18,-0.018737035329687828,0.004801173557884195,0.004801173557884195,0.0,1.0,3.195448238674988e-08
25,305.789108662422,0.0,1.18,-0.02020165767203924,0.014827942322611285,0.014827942322611285,0.0,1.0,5.184873132826351e-08
26,306.00608398851637,0.0,1.18,-0.014620339047704586,0.0253254828914194,0.0253254828914194,0.0,1.0,4.129366012713164e-08
27,306.53072639599606,0.0,1.18,-0.006221277704362839,0.03442708304494252,0.03442708304494252,0.0,1.0,2.057250363702281e-08
28,307.2630935115331,0.0,1.18,0.002668500947085646,0.040295738639571234,0.040295738639571234,0.0,1.0,3.803863874389592e-09
29,308.1221107214019,0.0,1.18,0.010553269502012618,0.04185844650195353,0.04185844650195353,0.0,1.0,2.589265682272134e-09
30,309.0082757769863,0.0,1.18,0.015834611779259496,0.03847475302287221,0.03847475302287221,0.0,1.0,2.0659914525815687e-08
31,309.77448401028664,0.0,1.18,0.016843067538116523,0.03070635621230465,0.03070635621230465,0.0,1.0,4.648700431319334e-08
32,310.21249941386935,0.0,1.18,0.012565485669189497,0.019638592930015804,0.019638592930015804,0.0,1.0,8.277618107921859e-08
33,310.21249941386935,0.0,1.18,0.0,0.0,0.0,0.0,1.0,9.270102638541626e-08
34,304.4072594043009,0.0,1.18,0.0,0.0,0.0,0.0,1.0,1.9731614299656534e-10
35,304.4072594043009,0.0,1.18,-0.02507635673338151,-0.0008890887558617327,-0.0008890887558617327,0.0,1.0,8.612865629503168e-09
36,304.58241136954825,0.0,1.18,-0.028849320148754375,0.005845039294630748,0.005845039294630748,0.0,1.0,2.3569165458597535e-08
37,305.00645613150715,0.0,1.18,-0.022028110585844602,0.013074281588163936,0.013074281588163936,0.0,1.0,1.9500514705637662e-08
38,305.5704915757334,0.0,1.18,-0.01132585078295885,0.019400441633616677,0.019400441633616677,0.0,1.0,1.1156621546692503e-08
39,306.2803318494138,0.0,1.18,0.0004636722627665491,0.024217204357349975,0.024217204357349975,0.0,1.0,4.017833170275241e-09
40,307.1502959294468,0.0,1.18,0.01215593075896242,0.026841568797698577,0.026841568797698577,0.0,1.0,6.619920331306987e-10
41,308.1357564324867,0.0,1.18,0.021856835268402465,0.02635124128596964,0.02635124128596964,0.0,1.0,7.233469808551659e-09
42,309.03771324492135,0.0,1.18,0.02667277669159182,0.021674886341070645,0.021674886341070645,0.0,1.0,2.526422786775658e-08
43,309.60406750206675,0.0,1.18,0.022974338612030937,0.014017119896125599,0.014017119896125599,0.0,1.0,4.522674722589006e-08
44,309.60406750206675,0.0,1.18,0.0,0.0,0.0,0.0,1.0,4.7411822845928566e-08
45,303.67966619206857,0.0,1.18,0.0,0.0,0.0,0.0,1.0,2.895911088962861e-09
46,303.67966619206857,0.0,1.18,-0.02892788284496599,-0.0033979511359967917,-0.0033979511359967917,0.0,1.0,2.066881210885448e-09
47,303.991419385108,0.0,1.18,-0.03373479672879165,0.0009667043450462898,0.0009667043450462898,0.0,1.0,6.884737131390145e-09
48,304.60651184013255,0.0,1.18,-0.026020809617327906,0.0049015150960161685,0.0049015150960161685,0.0,1.0,4.7736403589273416e-09
49,305.317391476283,0.0,1.18,-0.013703576758247616,0.00820370789343695,0.00820370789343695,0.0,1.0,2.636098221170351e-09
50,306.0061781014132,0.0,1.18,-0.00046337231280645276,0.010868298980312434,0.010868298980312434,0.0,1.0,1.3013222970894483e-09
51,306.80377943146704,0.0,1.18,0.013052488847498621,0.01276653867941492,0.01276653867941492,0.0,1.0,4.403313531631561e-10
52,307.70672579959546,0.0,1.18,0.025430228494301058,0.01290869465802454,0.01290869465802454,0.0,1.0,1.7137569860587906e-09
53,308.6123444462825,0.0,1.18,0.03312585888856412,0.01127575167838195,0.01127575167838195,0.0,1.0,5.5015339869264755e-09
54,309.1643858963401,0.0,1.18,0.029295612902117824,0.008905473411740313,0.008905473411740313,0.0,1.0,1.1394003932379511e-08
55,309.1643858963401,0.0,1.18,0.0,0.0,0.0,0.0,1.0,1.9191878938990353e-08
56,303.2176213280951,0.0,1.18,0.0,0.0,0.0,0.0,1.0,7.687766746310609e-09
57,303.2176213280951,0.0,1.18,-0.03073571329538782,-0.005527940239416377,-0.005527940239416377,0.0,1.0,9.664884652820594e-10
58,303.660967313262,0.0,1.18,-0.035263593801381936,-0.003909961376007972,-0.003909961376007972,0.0,1.0,4.860237787691015e-10
59,304.4370260484709,0.0,1.18,-0.026949665641840145,-0.002827531385117088,-0.002827531385117088,0.0,1.0,3.69280623406863e-10
60,305.270136725136,0.0,1.18,-0.013951288754949375,-0.0015524852188330566,-0.0015524852188330566,0.0,1.0,4.886440793055135e-10
61,305.98946705371213,0.0,1.18,-3.9721254306164554e-05,-8.709669373732145e-05,-8.709669373732145e-05,0.0,1.0,5.813633140359288e-10
62,306.7096486439645,0.0,1.18,0.01388927021448297,0.0013946058497375181,0.0013946058497375181,0.0,1.0,4.986826990561866e-10
63,307.54537834387503,0.0,1.18,0.026939984261192113,0.0026999244717462825,0.0026999244717462825,0.0,1.0,3.7724674531582024e-10
64,308.32389238801073,0.0,1.18,0.035309135496786874,0.003813996130859546,0.003813996130859546,0.0,1.0,4.887842573873638e-10
65,308.7683878092022,0.0,1.18,0.030796948478810367,0.005465771684987921,0.005465771684987921,0.0,1.0,8.895372075849789e-10
66,308.7683878092022,0.0,1.18,0.0,0.0,0.0,0.0,1.0,7.248025368844565e-09
67,302.82363155070806,0.0,1.18,0.0,0.0,0.0,0.0,1.0,2.0215620764203275e-08
68,302.82363155070806,0.0,1.18,-0.029208937503911066,-0.008952454205969402,-0.008952454205969402,0.0,1.0,1.1990607856595441e-08
69,303.37463239469247,0.0,1.18,-0.03305804368542576,-0.011339670819081417,-0.011339670819081417,0.0,1.0,5.74145279121047e-09
70,304.27775278904875,0.0,1.18,-0.025419940728172132,-0.012995722910797414,-0.012995722910797414,0.0,1.0,1.7862108455108954e-09
71,305.17783262889054,0.0,1.18,-0.013099585107019427,-0.012887914248376955,-0.012887914248376955,0.0,1.0,4.3686189639172527e-10
72,305.9730640120656,0.0,1.18,0.000389782732059734,-0.011020604083340168,-0.011020604083340168,0.0,1.0,1.280205735066195e-09
73,306.6626641648136,0.0,1.18,0.013639899816897356,-0.008360533297751497,-0.008360533297751497,0.0,1.0,2.621376325648553e-09
74,307.37512123449625,0.0,1.18,0.025993315579997123,-0.005038823097221625,-0.005038823097221625,0.0,1.0,4.751569822348519e-09
75,307.99219809364257,0.0,1.18,0.03374676150689157,-0.001071460509154339,-0.001071460509154339,0.0,1.0,6.831278042424984e-09
76,308.3051114122556,0.0,1.18,0.0289502316406458,0.0033325361620544724,0.0033325361620544724,0.0,1.0,2.071104562537213e-09
77,308.3051114122556,0.0,1.18,0.0,0.0,0.0,0.0,1.0,2.702530995844628e-09
78,302.38628802545077,0.0,1.18,0.0,0.0,0.0,0.0,1.0,4.9857806427105207e-08
79,302.38628802545077,0.0,1.18,-0.02288952060998141,-0.014039042258090016,-0.014039042258090016,0.0,1.0,4.7385493688360865e-08
80,302.9517903415206,0.0,1.18,-0.026601411476062313,-0.021687547037084625,-0.021687547037084625,0.0,1.0,2.6262935927564758e-08
81,303.851691244543,0.0,1.18,-0.021830883172513374,-0.02637070531908143,-0.02637070531908143,0.0,1.0,7.48734408880517e-09
82,304.8345910086123,0.0,1.18,-0.012180713577213854,-0.02688951630395595,-0.02688951630395595,0.0,1.0,6.696350837462115e-10
83,305.7024789568105,0.0,1.18,-0.0005184864979511084,-0.024300441520377462,-0.024300441520377462,0.0,1.0,3.95812627727103e-09
84,306.41128953869395,0.0,1.18,0.011272093050800529,-0.019510614565108126,-0.019510614565108126,0.0,1.0,1.1034355158937365e-08
85,306.9763057363993,0.0,1.18,0.02198988834314105,-0.01318431228925966,-0.01318431228925966,0.0,1.0,1.9297841249176212e-08
86,307.4015754804229,0.0,1.18,0.028829744721023357,-0.005933390370714136,-0.005933390370714136,0.0,1.0,2.3306612088854464e-08
87,307.5778170055563,0.0,1.18,0.025061444054736794,0.0008314012816777648,0.0008314012816777648,0.0,1.0,8.571598884608055e-09
88,307.5778170055563,0.0,1.18,0.0,0.0,0.0,0.0,1.0,1.6900274202823956e-10
89,301.7806055900405,0.0,1.18,0.0,0.0,0.0,0.0,1.0,9.789505237254203e-08
90,301.7806055900405,0.0,1.18,-0.01250757300674014,-0.01963272128382971,-0.01963272128382971,0.0,1.0,8.716133218994539e-08
91,302.21798649858414,0.0,1.18,-0.016786329640847045,-0.030668606508625407,-0.030668606508625407,0.0,1.0,4.861068439289413e-08
92,302.9828472238418,0.0,1.18,-0.015803092491193403,-0.038421645336859864,-0.038421645336859864,0.0,1.0,2.14702163185378e-08
93,303.86734105336467,0.0,1.18,-0.01055502204492673,-0.04181588863860635,-0.04181588863860635,0.0,1.0,2.696963651755046e-09
94,304.7247932651203,0.0,1.18,-0.0026956931828057435,-0.04028214421994998,-0.04028214421994998,0.0,1.0,3.795666328996036e-09
95,305.45607528702845,0.0,1.18,0.006184110446822623,-0.03444461591345301,-0.03444461591345301,0.0,1.0,2.0563443012609256e-08
96,305.98037621841445,0.0,1.18,0.014585372661117776,-0.02536598314591389,-0.02536598314591389,0.0,1.0,4.1191176240611333e-08
97,306.19799695182445,0.0,1.18,0.02016652230284934,-0.01487294282673343,-0.01487294282673343,0.0,1.0,5.1721670131158405e-08
98,306.24745785523123,0.0,1.18,0.018701932684978044,-0.004840450120037422,-0.004840450120037422,0.0,1.0,3.1956714687942684e-08
99,306.24745785523123,0.0,1.18,0.0,0.0,0.0,0.0,1.0,5.778417349608856e-09
100,300.9815054607924,0.0,1.18,0.0,0.0,0.0,0.0,1.0,1.0080653416404666e-07
101,300.9815054607924,0.0,1.18,-0.0021009812955416064,-0.01986977529717089,-0.01986977529717089,0.0,1.0,6.118691039804059e-08
102,301.17996715911613,0.0,1.18,-0.006235273146827422,-0.02832159535089113,-0.02832159535089113,0.0,1.0,3.6108523404251145e-08
103,301.58748611176736,0.0,1.18,-0.007114302521958445,-0.03674106233573913,-0.03674106233573913,0.0,1.0,3.035058034977172e-08
104,302.1081342646975,0.0,1.18,-0.005887608124562544,-0.043409669346383774,-0.043409669346383774,0.0,1.0,1.271881420866492e-08
105,302.6576533326852,0.0,1.18,-0.0030905267001673817,-0.04619296732564167,-0.04619296732564167,0.0,1.0,4.693775017571921e-10
106,303.1703092719975,0.0,1.18,0.0008172376674245373,-0.043820301311289105,-0.043820301311289105,0.0,1.0,8.475432524169692e-09
107,303.5710743516586,0.0,1.18,0.005141676526169249,-0.03637101231466837,-0.03637101231466837,0.0,1.0,3.421081517670956e-08
108,303.77560242220187,0.0,1.18,0.008401762935860275,-0.025586421478644265,-0.025586421478644265,0.0,1.0,5.5178995200440536e-08
109,303.7082445823298,0.0,1.18,0.00782486234626654,-0.01460250848078754,-0.01460250848078754,0.0,1.0,6.296913453635062e-08
110,303.7082445823298,0.0,1.18,0.0,0.0,0.0,0.0,1.0,5.347172112774169e-08
111,300.0,0.0,1.18,0.0,0.0,0.0,0.0,1.0,0.0
112,300.0,0.0,1.18,0.0,0.0,0.0,0.0,1.0,1.1344471143730484e-09
113,300.0,0.0,1.18,0.0,0.0,0.0,0.0,1.0,9.99196373692048e-09
114,300.0,0.0,1.18,0.0,0.0,0.0,0.0,1.0,1.3007820649305178e-08
115,300.0,0.0,1.18,0.0,0.0,0.0,0.0,1.0,8.908768518820337e-09
116,300.0,0.0,1.18,0.0,0.0,0.0,0.0,1.0,2.454736513524142e-09
117,300.0,0.0,1.18,0.0,0.0,0.0,0.0,1.0,1.7164716460939736e-10
118,300.0,0.0,1.18,0.0,0.0,0.0,0.0,1.0,6.794372984788289e-09
119,300.0,0.0,1.18,0.0,0.0,0.0,0.0,1.0,1.8141814809093357e-08
120,300.0,0.0,1.18,0.0,0.0,0.0,0.0,1.0,1.5735961893554065e-08
121,300.0,0.0,1.18,0.0,0.0,0.0,0.0,1.0,0.0
