1,312.0,0.0,1.18,0.0,0.0,0.0,0.0,1.0,0.0
2,312.0,0.0,1.18,0.0,0.0,0.0,0.0,1.0,1.8888680843015122
3,312.0,0.0,1.18,0.0,0.0,0.0,0.0,1.0,0.0934127327277648
4,312.0,0.0,1.18,0.0,0.0,0.0,0.0,1.0,1.1885089536272673
5,312.0,0.0,1.18,0.0,0.0,0.0,0.0,1.0,3.3182965768402997
6,312.0,0.0,1.18,0.0,0.0,0.0,0.0,1.0,1.6713231519248657
7,312.0,0.0,1.18,0.0,0.0,0.0,0.0,1.0,0.05690217786304191
8,312.0,0.0,1.18,0.0,0.0,0.0,0.0,1.0,0.13138047303000466
9,312.0,0.0,1.18,0.0,0.0,0.0,0.0,1.0,0.01828740115193752
10,312.0,0.0,1.18,0.0,0.0,0.0,0.0,1.0,5.3401984244125796e-05
11,312.0,0.0,1.18,0.0,0.0,0.0,0.0,1.0,0.0
12,908.0983917261423,0.0,1.18,0.0,0.0,0.0,0.0,1.0,0.04353169395559405
13,908.0983917261423,0.0,1.18,98.07467945110734,-43.33483818593185,-43.33483818593185,0.0,1.0,0.2835136893813754
14,920.3639920924346,0.0,1.18,-21.81017356625917,78.54481079536623,78.54481079536623,0.0,1.0,0.03921483538324827
15,802.4582957217493,0.0,1.18,77.79600794622667,-10.993280645252637,-10.993280645252637,0.0,1.0,0.025892392406608535
16,687.815757339031,0.0,1.18,129.99111909239406,70.0830615784669,70.0830615784669,0.0,1.0,0.04979394465415488
17,735.6012813524694,0.0,1.18,-92.25423198847368,-75.28467507915515,-75.28467507915515,0.0,1.0,0.11175751251384662
18,767.7354080082038,0.0,1.18,17.02238965067279,-15.039090673050085,-15.039090673050085,0.0,1.0,0.05154241201487853
19,783.0827925973871,0.0,1.18,-25.865536664740826,3.2829045254308657,3.2829045254308657,0.0,1.0,0.0006180346727793224
20,789.0299978740688,0.0,1.18,9.650105891600065,-19.082154093738158,-19.082154093738158,0.0,1.0,0.001152910597359218
21,791.1255782945445,0.0,1.18,-0.5214765459154947,0.017399967691389826,0.017399967691389826,0.0,1.0,0.003192425828154827
22,791.1255782945445,0.0,1.18,0.0,0.0,0.0,0.0,1.0,9.247046750743704e-09
23,1166.8612295365233,0.0,1.18,0.0,0.0,0.0,0.0,1.0,0.8356708892404434
24,1166.8612295365233,0.0,1.18,-206.76691328446142,243.97107286645223,243.97107286645223,0.0,1.0,0.06341551947204792
25,808.6692659387228,-0.0,1.18,-76.84262249624972,-14.749590511815269,-14.749590511815269,0.0,1.0,0.4368521035072881
26,1002.4232744272792,0.0,1.18,-58.45708750933426,16.578176237192864,16.578176237192864,0.0,1.0,0.012488976500513258
27,935.0387641277492,0.0,1.18,28.211690844757502,-65.67743985141877,-65.67743985141877,0.0,1.0,0.025285411694886878
28,1034.0644257860215,0.0,1.18,-73.53996564964146,34.70722837803529,34.70722837803529,0.0,1.0,0.1032051770751402
29,1109.5492971335739,0.0,1.18,-13.56891653601798,-15.288361501978219,-15.288361501978219,0.0,1.0,0.0014637737465415508
30,1124.5280529122629,0.0,1.18,7.934539817081174,15.87710536049994,15.87710536049994,0.0,1.0,0.0015015374759901367
31,1131.7547569732217,0.0,1.18,-11.812200272719828,-4.40713542382375,-4.40713542382375,0.0,1.0,0.0016749895946052897
32,1135.9299382286574,0.0,1.18,7.346160315844175,10.907679770111432,10.907679770111432,0.0,1.0,0.00015086490739932946
33,1135.9299382286576,0.0,1.18,0.0,0.0,0.0,0.0,1.0,0.0017626199807101444
34,1195.6546058285312,0.0,1.18,0.0,0.0,0.0,0.0,1.0,0.015284710299776395
35,1195.6546058285312,0.0,1.18,-35.52884973682812,-33.809273298493885,-33.809273298493885,0.0,1.0,0.120709530825605
36,1187.200107303407,0.0,1.18,68.02401198736199,-21.2735915059124,-21.2735915059124,0.0,1.0,0.02541305650106635
37,1205.1952332645487,0.0,1.18,72.10932912460956,-23.97834463388362,-23.97834463388362,0.0,1.0,0.09388985065060564
38,1132.8165089807317,0.0,1.18,64.43812710486102,92.6718363418123,92.6718363418123,0.0,1.0,0.01168204832776971
39,1249.0261145979155,0.0,1.18,51.10838419584251,-1.715000744033424,-1.715000744033424,0.0,1.0,0.015893766780147086
40,1332.1417992327638,0.0,1.18,12.278599909742217,49.96025890933897,49.96025890933897,0.0,1.0,0.00039492889189290486
41,1350.6125379567632,0.0,1.18,-9.164689839230729,9.80876971092306,9.80876971092306,0.0,1.0,0.0108682648953028
42,1358.9827203804966,0.0,1.18,-10.946883173203688,-13.82485660481093,-13.82485660481093,0.0,1.0,0.0009327261498499862
43,1363.0890725447255,0.0,1.18,4.094896250316202,2.718161944032489,2.718161944032489,0.0,1.0,0.0017370282771478629
44,1363.0890725447252,0.0,1.18,0.0,0.0,0.0,0.0,1.0,7.601498340000141e-05
45,1282.8921215183202,0.0,1.18,0.0,0.0,0.0,0.0,1.0,0.052368820346108624
46,1282.8921215183202,0.0,1.18,-17.937677638423892,-67.14721780477598,-67.14721780477598,0.0,1.0,0.04186042862500065
47,1316.3884150921767,0.0,1.18,9.17066334512038,25.17873299804522,25.17873299804522,0.0,1.0,0.04155960577866788
48,1346.3419296409138,0.0,1.18,66.25321040888925,-47.814267390734635,-47.814267390734635,0.0,1.0,0.020239567444255462
49,1363.8671048874126,0.0,1.18,-23.181369441444126,-21.81617977891004,-21.81617977891004,0.0,1.0,0.016433289964355283
50,1436.6446922097311,0.0,1.18,-15.53898382809947,28.503492150801303,28.503492150801303,0.0,1.0,0.003260066410126119
51,1463.5436747527106,0.0,1.18,-9.84696038091206,-53.342607139417346,-53.342607139417346,0.0,1.0,0.0023259994899953416
52,1470.384176829768,0.0,1.18,-1.0040465724299439,24.835758593737925,24.835758593737925,0.0,1.0,0.034765487656314153
53,1479.9948025337735,0.0,1.18,5.799535863614717,-8.707322622017418,-8.707322622017418,0.0,1.0,0.0018853885633615336
54,1482.7074460175277,0.0,1.18,-14.658541388615975,-3.0057624815769772,-3.0057624815769772,0.0,1.0,0.00790669014834641
55,1482.7074460175277,0.0,1.18,0.0,0.0,0.0,0.0,1.0,7.855890170826359e-05
56,1207.517173098015,0.0,1.18,0.0,0.0,0.0,0.0,1.0,0.0028414999703612748
57,1207.517173098015,0.0,1.18,-152.92604960215647,-14.722061679855994,-14.722061679855994,0.0,1.0,0.006475594481752707
58,1340.0896748721266,0.0,1.18,189.25050930525137,-21.082127892439633,-21.082127892439633,0.0,1.0,0.07416571495020857
59,1421.786107153341,0.0,1.18,-1.8378460156717669,-13.970257753739098,-13.970257753739098,0.0,1.0,0.011940779746782667
60,1454.9952833531538,0.0,1.18,40.52285138835264,12.527077179280507,12.527077179280507,0.0,1.0,0.006425177281596304
61,1499.9375015023443,0.0,1.18,30.760475408060046,-30.250153661869767,-30.250153661869767,0.0,1.0,0.0061875490537766425
62,1497.4781610712896,0.0,1.18,-19.800469320056433,51.34810747566298,51.34810747566298,0.0,1.0,0.0012066137882574028
63,1458.4153087949128,0.0,1.18,108.03458890418145,-53.52910987002549,-53.52910987002549,0.0,1.0,0.005167681501387474
64,1524.4430216370724,0.0,1.18,-1.513436159559449,10.083335027217412,10.083335027217412,0.0,1.0,0.004788345496001948
65,1490.0410098914167,0.0,1.18,-55.5825251553738,-5.277903290302595,-5.277903290302595,0.0,1.0,0.00022218744221926887
66,1490.0410098914167,-0.0,1.18,0.0,0.0,0.0,0.0,1.0,0.00023984100489680613
67,3418.084342189579,0.0,1.18,0.0,0.0,0.0,0.0,1.0,0.00024005310975347448
68,3418.084342189579,-0.0,1.18,21.193913126253204,12.112615522957055,12.112615522957055,0.0,1.0,0.005960677206796192
69,1214.4600530699472,0.0,1.18,-157.77015409996113,47.98306876910803,47.98306876910803,0.0,1.0,0.03559502503507693
70,1347.7730135855934,0.0,1.18,3.6331811722343463,7.055055599115484,7.055055599115484,0.0,1.0,0.025003402805280663
71,1459.6248557670735,0.0,1.18,-73.98691314010513,-48.271937492318074,-48.271937492318074,0.0,1.0,0.0046438349277081745
72,1506.7076373154712,0.0,1.18,21.955596348438586,30.579736379495934,30.579736379495934,0.0,1.0,0.0032386668860454283
73,1495.9325154414887,0.0,1.18,-14.773138492769647,-20.50572183143053,-20.50572183143053,0.0,1.0,0.003759622654421074
74,1503.3262728034958,0.0,1.18,-25.441376195449365,-4.583303415517972,-4.583303415517972,0.0,1.0,0.03263639503116282
75,1284.765214206895,-0.0,1.18,5.259066922905566,-12.789946176421639,-12.789946176421639,0.0,1.0,0.003823592923430226
76,1448.07227684428,-0.0,1.18,-13.413577185799221,27.951836596673168,27.951836596673168,0.0,1.0,0.013922012552017101
77,1448.0722768442806,0.0,1.18,0.0,0.0,0.0,0.0,1.0,0.007122578448023783
78,2155.3284055843196,0.0,1.18,0.0,0.0,0.0,0.0,1.0,0.019808233323803135
79,2155.3284055843196,0.0,1.18,-42.15695847103647,-69.3805619644004,-69.3805619644004,0.0,1.0,0.012662452810872128
80,1607.236900610851,-0.0,1.18,84.56099897518588,-108.3564707289221,-108.3564707289221,0.0,1.0,0.08277500462417411
81,1439.1221469952166,0.0,1.18,13.613264318203948,0.940567745241443,0.940567745241443,0.0,1.0,0.031238003050211495
82,1420.2531903862748,0.0,1.18,1.576262648514925,6.330635705750519,6.330635705750519,0.0,1.0,0.012064326177151636
83,1480.264924629993,0.0,1.18,3.0566691139300417,-0.7463094503732932,-0.7463094503732932,0.0,1.0,0.0037589955625297
84,1550.621364891861,-0.0,1.18,3.0914764931347665,2.007058024782376,2.007058024782376,0.0,1.0,0.000484356224136956
85,1545.6137073333375,0.0,1.18,-15.958247018215348,-8.517878463484735,-8.517878463484735,0.0,1.0,0.00653596811968751
86,1514.058666902585,0.0,1.18,14.675995607909119,10.919770883115206,10.919770883115206,0.0,1.0,0.005418168681690307
87,1376.2234529270793,-0.0,1.18,21.521757843586663,-30.766071534606724,-30.766071534606724,0.0,1.0,0.00036768513204094884
88,1376.2234529270793,0.0,1.18,0.0,0.0,0.0,0.0,1.0,0.009553515303295325
89,1612.2391593599386,0.0,1.18,0.0,0.0,0.0,0.0,1.0,0.008606499842717063
90,1612.2391593599386,-0.0,1.18,45.01509074767888,34.2093038964116,34.2093038964116,0.0,1.0,0.014934406351920157
91,1637.8988247482575,0.0,1.18,41.7232456470913,25.85099197880116,25.85099197880116,0.0,1.0,0.016072623308078727
92,1382.5236945581273,0.0,1.18,23.240922184830815,-23.7955910294752,-23.7955910294752,0.0,1.0,0.007617390543826813
93,1233.9379367346503,0.0,1.18,-2.6478479586243036,35.75746247936839,35.75746247936839,0.0,1.0,0.0006019693956554277
94,1144.9037456957712,0.0,1.18,-19.333823214871195,-10.200354014472033,-10.200354014472033,0.0,1.0,0.005991075854831519
95,1304.7567777818767,0.0,1.18,-1.2345398175416058,-4.708825578303247,-4.708825578303247,0.0,1.0,0.006358925881897274
96,1378.6631682198176,0.0,1.18,31.01884648656966,28.873615517464447,28.873615517464447,0.0,1.0,0.009196597779917569
97,1324.4572172124665,0.0,1.18,-40.610156982337244,-36.829428021283306,-36.829428021283306,0.0,1.0,0.003936541083123808
98,1190.9125962693847,0.0,1.18,-8.267912929976168,-5.782742118974187,-5.782742118974187,0.0,1.0,0.009788725289842927
99,1190.9125962693847,0.0,1.18,0.0,0.0,0.0,0.0,1.0,0.00045071799221787286
100,1080.5853993552564,0.0,1.18,0.0,0.0,0.0,0.0,1.0,0.024106542970585364
101,1080.5853993552564,0.0,1.18,44.18308424047446,-38.37320301970594,-38.37320301970594,0.0,1.0,0.008344251676740487
102,1139.6198917927625,-0.0,1.18,9.342187611036424,-3.5232239892722914,-3.5232239892722914,0.0,1.0,0.006600635018164905
103,960.7877993914009,-0.0,1.18,-40.68640668264178,-31.0966016104224,-31.0966016104224,0.0,1.0,0.03359780587878844
104,845.8954883405702,-0.0,1.18,-1.0616668120084864,73.61057310961385,73.61057310961385,0.0,1.0,0.021432098145501968
105,635.481132884338,0.0,1.18,5.451971627812323,25.48895355735272,25.48895355735272,0.0,1.0,0.05163789454115061
106,428.786259217992,0.0,1.18,30.265384337710813,10.446328928291818,10.446328928291818,0.0,1.0,0.15933475576994488
107,562.0939485149145,0.0,1.18,-67.20230664023151,-52.79515448291401,-52.79515448291401,0.0,1.0,0.015411469366698212
108,604.609201718587,0.0,1.18,-0.9409682396948098,17.977290552803765,17.977290552803765,0.0,1.0,0.06001189205470181
109,702.830211945186,0.0,1.18,-17.830645303331664,1.437744764535186,1.437744764535186,0.0,1.0,0.0037880336789852197
110,702.830211945186,0.0,1.18,0.0,0.0,0.0,0.0,1.0,7.999443360490538e-05
111,300.0,0.0,1.18,0.0,0.0,0.0,0.0,1.0,0.0
112,300.0,-0.0,1.18,0.0,0.0,0.0,0.0,1.0,0.41463558376938314
113,300.0,0.0,1.18,0.0,0.0,0.0,0.0,1.0,0.018537522092022043
114,300.0,0.0,1.18,0.0,0.0,0.0,0.0,1.0,0.35160349548950554
115,300.0,0.0,1.18,0.0,0.0,0.0,0.0,1.0,0.00023940377554858383
116,300.0,0.0,1.18,0.0,0.0,0.0,0.0,1.0,0.006313376459511946
117,300.0,0.0,1.18,0.0,0.0,0.0,0.0,1.0,0.19455701708682618
118,300.0,0.0,1.18,0.0,0.0,0.0,0.0,1.0,0.9592302637738606
119,300.0,0.0,1.18,0.0,0.0,0.0,0.0,1.0,0.00018806346885148775
120,300.0,0.0,1.18,0.0,0.0,0.0,0.0,1.0,0.0675287380946167
121,300.0,0.0,1.18,0.0,0.0,0.0,0.0,1.0,0.0
1,312.0,0.0,1.18,0.0,0.0,0.0,0.0,1.0,0.0
2,312.0,0.0,1.18,0.0,0.0,0.0,0.0,1.0,1.9591378636964958e-05
3,312.0,0.0,1.18,0.0,0.0,0.0,0.0,1.0,1.6920183543483748e-06
4,312.0,0.0,1.18,0.0,0.0,0.0,0.0,1.0,1.2896145349520582e-05
5,312.0,0.0,1.18,0.0,0.0,0.0,0.0,1.0,2.586324200791809e-06
6,312.0,0.0,1.18,0.0,0.0,0.0,0.0,1.0,9.563146661167491e-05
7,312.0,0.0,1.18,0.0,0.0,0.0,0.0,1.0,8.214623473983478e-06
8,312.0,0.0,1.18,0.0,0.0,0.0,0.0,1.0,3.864536343517858e-05
9,312.0,0.0,1.18,0.0,0.0,0.0,0.0,1.0,0.00010746639122635371
10,312.0,0.0,1.18,0.0,0.0,0.0,0.0,1.0,2.1525472366679583e-06
11,312.0,0.0,1.18,0.0,0.0,0.0,0.0,1.0,0.0
12,430.3404377203395,0.0,1.18,0.0,0.0,0.0,0.0,1.0,1.8147574499229914e-06
13,430.3404377203395,-0.0,1.18,-0.31585560073659097,-0.13259371545993692,-0.13259371545993692,0.0,1.0,3.659085775889631e-05
14,438.31162975518527,0.0,1.18,-0.09282364493316332,0.5700494556545154,0.5700494556545154,0.0,1.0,1.547859192526524e-06
15,435.88441271314565,0.0,1.18,-0.2562630806917355,0.10505346654319969,0.10505346654319969,0.0,1.0,3.100380501248575e-05
16,443.81211694061335,0.0,1.18,-0.11476185642082706,-0.28826824657779704,-0.28826824657779704,0.0,1.0,3.0838252710178943e-06
17,453.8536465223207,0.0,1.18,-0.6978410150825126,0.4591347103325934,0.4591347103325934,0.0,1.0,6.3322173513110475e-06
18,464.25027850476687,0.0,1.18,0.20452665426400565,-0.288429228998296,-0.288429228998296,0.0,1.0,0.000206544102393302
19,476.1731858988929,0.0,1.18,-0.4436135275488529,1.5019567117920545,1.5019567117920545,0.0,1.0,2.983679666216159e-06
20,486.0764734252742,0.0,1.18,-0.7397626761958138,-0.10802500593486702,-0.10802500593486702,0.0,1.0,5.488793778345933e-05
21,491.8966217898434,0.0,1.18,-0.10469656386807469,-0.13910548867058953,-0.13910548867058953,0.0,1.0,7.462617528525407e-07
22,491.8966217898433,0.0,1.18,0.0,0.0,0.0,0.0,1.0,1.528754943525733e-06
23,545.0019136046734,0.0,1.18,0.0,0.0,0.0,0.0,1.0,6.3534779606787935e-06
24,545.0019136046734,0.0,1.18,1.0454617228471312,0.3141993484546347,0.3141993484546347,0.0,1.0,3.034627312530571e-07
25,530.5573014350516,0.0,1.18,0.07581670363120105,0.1305196698838024,0.1305196698838024,0.0,1.0,2.121746789600311e-06
26,560.059747256876,0.0,1.18,-0.7041920263733704,-0.0340004629262174,-0.0340004629262174,0.0,1.0,7.660877290533156e-05
27,562.8121493981816,0.0,1.18,0.04157018355823471,2.2621944543366985,2.2621944543366985,0.0,1.0,7.650198693420924e-08
28,577.7949593749298,0.0,1.18,-0.5224265020179893,-0.10520728958798169,-0.10520728958798169,0.0,1.0,0.00043090238609237843
29,602.3225271301751,0.0,1.18,2.868355521007482,-1.6613897018210126,-1.6613897018210126,0.0,1.0,0.00017007687488813792
30,628.1249182238672,0.0,1.18,0.3301753734165798,-1.7907175146429435,-1.7907175146429435,0.0,1.0,4.930988243970274e-05
31,651.121894765962,0.0,1.18,0.14330106752758526,0.27457109333368857,0.27457109333368857,0.0,1.0,4.139550717275227e-05
32,665.0427860888005,0.0,1.18,-0.16159847602071328,-0.06805717821177241,-0.06805717821177241,0.0,1.0,8.147296325766666e-07
33,665.0427860888005,0.0,1.18,0.0,0.0,0.0,0.0,1.0,2.001915420287123e-07
34,619.2003366488268,0.0,1.18,0.0,0.0,0.0,0.0,1.0,4.33840875932908e-06
35,619.2003366488268,0.0,1.18,-0.35858265875058826,-0.29498362413249185,-0.29498362413249185,0.0,1.0,5.49437961673343e-06
36,622.1903487889289,0.0,1.18,-0.15390806924847455,0.41155832193142194,0.41155832193142194,0.0,1.0,1.056923159054317e-05
37,633.3354953331414,0.0,1.18,-0.9520614909998976,0.36651751771895186,0.36651751771895186,0.0,1.0,0.0002260913788773657
38,650.5952559762109,0.0,1.18,-0.11428656512965644,-2.770448205940694,-2.770448205940694,0.0,1.0,1.46233301271226e-05
39,678.7555508235879,0.0,1.18,3.137139103542027,1.4276005788534565,1.4276005788534565,0.0,1.0,0.0003048708961838125
40,716.9254568604803,0.0,1.18,-2.9688391526882825,1.622330179416736,1.622330179416736,0.0,1.0,0.00031503422930232393
41,761.1732914537324,0.0,1.18,0.1246664952533109,-1.7923429747158939,-1.7923429747158939,0.0,1.0,2.5603124579423582e-05
42,804.5888272849224,0.0,1.18,0.09973928748673179,-0.085677632390401,-0.085677632390401,0.0,1.0,4.9474534436821256e-05
43,833.1387380533068,0.0,1.18,-0.1080822615119584,-0.037846996437901265,-0.037846996437901265,0.0,1.0,1.1944002475355508e-05
44,833.138738053307,0.0,1.18,0.0,0.0,0.0,0.0,1.0,3.944801950236245e-08
45,670.1351313189106,0.0,1.18,0.0,0.0,0.0,0.0,1.0,9.534499384590145e-07
46,670.1351313189106,0.0,1.18,0.5244797679264314,0.14966244044329266,0.14966244044329266,0.0,1.0,8.009440214389763e-07
47,671.7832852019073,0.0,1.18,0.7227883240660715,0.18763304000811762,0.18763304000811762,0.0,1.0,1.0473529668985776e-05
48,682.1673914402423,0.0,1.18,2.270916300878884,0.8597513756428227,0.8597513756428227,0.0,1.0,3.698237007544451e-06
49,704.4782886347664,0.0,1.18,0.4530133116001478,0.6195642009290646,0.6195642009290646,0.0,1.0,1.8573925030247394e-05
50,743.7213885425309,0.0,1.18,2.6546654897979707,-0.5214567207360925,-0.5214567207360925,0.0,1.0,3.955432814655001e-05
51,797.2890132390052,0.0,1.18,-1.9807617622341962,2.0014259595098562,2.0014259595098562,0.0,1.0,4.9720349387574256e-05
52,866.404324204852,0.0,1.18,-0.10193418048533662,-0.7445547147681416,-0.7445547147681416,0.0,1.0,0.0002004329661310156
53,947.8041255884186,0.0,1.18,2.046866840199259,-2.5467498678536598,-2.5467498678536598,0.0,1.0,1.0470042265926312e-05
54,1011.7138683596371,0.0,1.18,1.1527271083090749,-0.8995497855708431,-0.8995497855708431,0.0,1.0,3.068978403467934e-05
55,1011.7138683596374,0.0,1.18,0.0,0.0,0.0,0.0,1.0,1.5112350725570374e-05
56,696.3591716272454,0.0,1.18,0.0,0.0,0.0,0.0,1.0,6.333027325731729e-06
57,696.3591716272454,-0.0,1.18,-0.15843697530530962,-0.40081177345504654,-0.40081177345504654,0.0,1.0,4.279834746086081e-05
58,681.368393400881,0.0,1.18,-0.8501946469029821,1.8882053181200953,1.8882053181200953,0.0,1.0,3.7487362431909836e-06
59,687.644616399847,0.0,1.18,-0.5354691802766037,-0.5535136837797374,-0.5535136837797374,0.0,1.0,3.6148654129425844e-05
60,714.6854559533451,0.0,1.18,-0.25964619519225174,1.0540226278822704,1.0540226278822704,0.0,1.0,1.54017960916237e-05
61,763.6256780160564,0.0,1.18,1.5035919257197075,0.7141086707282805,0.7141086707282805,0.0,1.0,6.075989543571121e-05
62,832.5356402460384,0.0,1.18,-0.40686982921027565,0.4786599679618742,0.4786599679618742,0.0,1.0,5.2291961409853026e-05
63,927.8029488536381,0.0,1.18,3.4105295890228566,2.4372828555520045,2.4372828555520045,0.0,1.0,2.6348512740932804e-05
64,1068.6562432043613,0.0,1.18,-1.294564488519484,1.6427144534931155,1.6427144534931155,0.0,1.0,5.2379296083197254e-05
65,1255.4010486975155,0.0,1.18,0.18720557880578267,-1.0274052513355785,-1.0274052513355785,0.0,1.0,8.262388395945097e-06
66,1255.4010486975155,0.0,1.18,0.0,0.0,0.0,0.0,1.0,1.2803113926721746e-05
67,679.8961508691548,0.0,1.18,0.0,0.0,0.0,0.0,1.0,0.00069327439514234
68,679.8961508691548,-0.0,1.18,-0.35719369127120054,-4.09446018049719,-4.09446018049719,0.0,1.0,1.724367380954352e-05
69,643.4210397559214,0.0,1.18,1.3066192473047462,1.1910060181654663,1.1910060181654663,0.0,1.0,0.00013590029208591784
70,635.7884537233208,0.0,1.18,0.5736111269064578,-0.6762602091841302,-0.6762602091841302,0.0,1.0,4.0853192473157465e-05
71,669.5922838886917,0.0,1.18,0.6511646059263405,-0.5049926784409502,-0.5049926784409502,0.0,1.0,5.6628087692871435e-06
72,733.1097372141405,0.0,1.18,-0.006680164262264006,0.04520890787561459,0.04520890787561459,0.0,1.0,1.3439242400919174e-05
73,814.8110185890216,0.0,1.18,0.16743802799280882,-0.2181506426113434,-0.2181506426113434,0.0,1.0,9.74707722870182e-06
74,923.4281447403711,0.0,1.18,-1.9434032075620387,-1.1181169244526785,-1.1181169244526785,0.0,1.0,6.165101207776741e-05
75,1098.552586988615,0.0,1.18,1.3307027112517127,-0.9579173673741384,-0.9579173673741384,0.0,1.0,1.970526003485894e-05
76,1555.5862084393955,-0.0,1.18,0.9906084963188507,0.8943052651573559,0.8943052651573559,0.0,1.0,2.143172528800578e-06
77,1555.5862084393955,0.0,1.18,0.0,0.0,0.0,0.0,1.0,6.318011744826196e-06
78,620.3522494457477,0.0,1.18,0.0,0.0,0.0,0.0,1.0,0.00016863204462980476
79,620.3522494457477,0.0,1.18,-0.6578717554215419,1.8425102108499662,1.8425102108499662,0.0,1.0,1.0508377001942626e-05
80,556.4117733955779,0.0,1.18,-1.1477669672980193,0.3770581859651879,0.3770581859651879,0.0,1.0,8.405841704884685e-05
81,502.377646050948,0.0,1.18,0.2255269040543986,-0.2384349305425115,-0.2384349305425115,0.0,1.0,2.3027907080221236e-05
82,558.4663473312658,0.0,1.18,-0.15595015909740345,0.46387278792492725,0.46387278792492725,0.0,1.0,1.0397023034125772e-06
83,658.3076184745771,0.0,1.18,0.308138530141128,-0.20670508175507754,-0.20670508175507754,0.0,1.0,5.336575626862959e-06
84,744.0182958807948,0.0,1.18,-0.43469667120186245,-0.23042709394491057,-0.23042709394491057,0.0,1.0,1.92850942847787e-05
85,840.8559589990261,0.0,1.18,0.1773935862184701,1.2505038029455264,1.2505038029455264,0.0,1.0,3.7587477520827585e-05
86,970.1022476883819,0.0,1.18,-0.33215549717012716,-1.1294420842079764,-1.1294420842079764,0.0,1.0,1.5348042607852145e-05
87,1090.3424623210572,0.0,1.18,-0.2221726513294258,-0.32877406398713127,-0.32877406398713127,0.0,1.0,8.136940335287332e-06
88,1090.3424623210574,0.0,1.18,0.0,0.0,0.0,0.0,1.0,1.7380660268192712e-06
89,579.2910296355942,0.0,1.18,0.0,0.0,0.0,0.0,1.0,5.503103801045421e-06
90,579.2910296355942,0.0,1.18,0.48187224054418,0.3108151253136832,0.3108151253136832,0.0,1.0,1.9840914399179645e-05
91,465.48451637784524,0.0,1.18,0.25061014078576543,0.2163623846773008,0.2163623846773008,0.0,1.0,2.1947853982221068e-05
92,370.32271118044866,0.0,1.18,-0.525746759402117,-0.18880420331658293,-0.18880420331658293,0.0,1.0,2.1338423669558144e-06
93,464.62267742184895,-0.0,1.18,0.9097100337688039,0.4385862681777421,0.4385862681777421,0.0,1.0,7.425705763071096e-06
94,555.5224181984165,0.0,1.18,0.03666295361124221,-0.4293316197020785,-0.4293316197020785,0.0,1.0,1.8805489803070272e-05
95,623.9659319435439,0.0,1.18,0.49967554566544065,-0.4138787033390022,-0.4138787033390022,0.0,1.0,6.31963908180826e-06
96,699.3504894409548,-0.0,1.18,0.23667175128176926,-0.43407105836353693,-0.43407105836353693,0.0,1.0,1.5160868595121664e-06
97,755.1863078458748,0.0,1.18,0.6038775706870018,-0.09776530569666754,-0.09776530569666754,0.0,1.0,7.538551650502051e-06
98,797.5154900756834,0.0,1.18,0.1254238843079596,0.2803449005174086,0.2803449005174086,0.0,1.0,0.00011054538755777647
99,797.5154900756835,0.0,1.18,0.0,0.0,0.0,0.0,1.0,2.3621315973520883e-06
100,522.6110179890502,0.0,1.18,0.0,0.0,0.0,0.0,1.0,9.650312239087136e-05
101,522.6110179890502,0.0,1.18,-1.8182176942194208,-1.174223406740047,-1.174223406740047,0.0,1.0,1.1155413831314156e-05
102,467.68662025542733,0.0,1.18,-0.28435643870029076,-0.636660590462634,-0.636660590462634,0.0,1.0,1.4122991249255285e-05
103,335.20346127823024,0.0,1.18,0.11667098776237929,-0.41029154936707385,-0.41029154936707385,0.0,1.0,2.3638333997874744e-05
104,411.67604933491623,-0.0,1.18,0.3709049072639162,-0.10811300528268562,-0.10811300528268562,0.0,1.0,2.371491374194293e-05
105,492.62062880105884,0.0,1.18,-0.3901972234893123,-0.5261670109252727,-0.5261670109252727,0.0,1.0,1.97464068550579e-06
106,480.583872083732,0.0,1.18,0.2828150942864152,0.206413677141432,0.206413677141432,0.0,1.0,2.7325349885678373e-05
107,502.36832976874575,-0.0,1.18,-0.05761974389753929,0.5086815553417813,0.5086815553417813,0.0,1.0,1.221373627951625e-06
108,526.1628570967016,0.0,1.18,0.2917273692630718,0.11429455596830672,0.11429455596830672,0.0,1.0,0.0002536094260496322
109,542.8143548574377,0.0,1.18,-4.056593760825091,4.293773321561011,4.293773321561011,0.0,1.0,4.6702739845389833e-07
110,542.8143548574378,0.0,1.18,0.0,0.0,0.0,0.0,1.0,0.001196114072788698
111,300.0,0.0,1.18,0.0,0.0,0.0,0.0,1.0,0.0
112,300.0,0.0,1.18,0.0,0.0,0.0,0.0,1.0,0.0007021764699508175
113,300.0,0.0,1.18,0.0,0.0,0.0,0.0,1.0,1.7174363290518316e-05
114,300.0,0.0,1.18,0.0,0.0,0.0,0.0,1.0,2.8912141574694222e-06
115,300.0,-0.0,1.18,0.0,0.0,0.0,0.0,1.0,2.9219963629373283e-05
116,300.0,0.0,1.18,0.0,0.0,0.0,0.0,1.0,3.233872267166639e-05
117,300.0,0.0,1.18,0.0,0.0,0.0,0.0,1.0,1.6988681792944087e-05
118,300.0,0.0,1.18,0.0,0.0,0.0,0.0,1.0,7.051754099601466e-07
119,300.0,0.0,1.18,0.0,0.0,0.0,0.0,1.0,1.8076271834347225e-05
120,300.0,0.0,1.18,0.0,0.0,0.0,0.0,1.0,0.003495244404533538
121,300.0,0.0,1.18,0.0,0.0,0.0,0.0,1.0,0.0
1,312.0,0.0,1.18,0.0,0.0,0.0,0.0,1.0,0.0
2,312.0,0.0,1.18,0.0,0.0,0.0,0.0,1.0,4.477604127808872e-05
3,312.0,0.0,1.18,0.0,0.0,0.0,0.0,1.0,0.005309330829520025
4,312.0,0.0,1.18,0.0,0.0,0.0,0.0,1.0,0.04720631976464328
5,312.0,0.0,1.18,0.0,0.0,0.0,0.0,1.0,2.176449853723234e-05
6,312.0,0.0,1.18,0.0,0.0,0.0,0.0,1.0,5.908385450650542e-05
7,312.0,0.0,1.18,0.0,0.0,0.0,0.0,1.0,4.008968777531374e-06
8,312.0,0.0,1.18,0.0,0.0,0.0,0.0,1.0,6.550413185597937e-05
9,312.0,0.0,1.18,0.0,0.0,0.0,0.0,1.0,0.0002399332277012383
10,312.0,0.0,1.18,0.0,0.0,0.0,0.0,1.0,3.218781819037729e-06
11,312.0,0.0,1.18,0.0,0.0,0.0,0.0,1.0,0.0
12,317.3271258124755,0.0,1.18,0.0,0.0,0.0,0.0,1.0,0.0002364757565156075
13,317.3271258124755,0.0,1.18,0.47750610691306256,-1.1160971494975067,-1.1160971494975067,0.0,1.0,0.0001762698097127254
14,323.0252290949621,0.0,1.18,-5.1996723355808845,-0.5451872888234843,-0.5451872888234843,0.0,1.0,0.0002229185455167687
15,331.8354116384384,0.0,1.18,15.504442510408431,-2.884465685235983,-2.884465685235983,0.0,1.0,0.00015655288786705474
16,340.1620264532063,0.0,1.18,0.33291274042833396,-0.44567824800508055,-0.44567824800508055,0.0,1.0,0.0005890648546903931
17,348.71495236869134,0.0,1.18,-0.5485175065241287,0.6404670034267319,0.6404670034267319,0.0,1.0,0.0004225064410671906
18,356.6552647415101,0.0,1.18,0.14288032192205993,0.7137279075494073,0.7137279075494073,0.0,1.0,2.469923813789747e-05
19,363.24172575287696,0.0,1.18,0.5775511204064994,0.05818378935265677,0.05818378935265677,0.0,1.0,0.00010865500970186542
20,368.1180160101651,0.0,1.18,1.1053537304860095,-0.35907838841126005,-0.35907838841126005,0.0,1.0,5.1802758134168606e-05
21,370.7071169560252,0.0,1.18,-0.12802708369508758,-0.06872433887779769,-0.06872433887779769,0.0,1.0,1.2225056094403466e-05
22,370.7071169560252,0.0,1.18,0.0,0.0,0.0,0.0,1.0,6.569863031695456e-07
23,313.2621955290142,0.0,1.18,0.0,0.0,0.0,0.0,1.0,0.002089776224212989
24,313.2621955290142,0.0,1.18,1.848481926645756,3.275362469489613,3.275362469489613,0.0,1.0,0.00017344903847907103
25,319.5987865501818,0.0,1.18,-1.3191303275658723,-1.8258243752207561,-1.8258243752207561,0.0,1.0,0.0017057280035940939
26,337.1056055341102,0.0,1.18,1.8966528548665473,0.20606598985788033,0.20606598985788033,0.0,1.0,0.010234892752200126
27,361.6190130274693,0.0,1.18,-1.3555139230456277,-0.6327736110485117,-0.6327736110485117,0.0,1.0,8.238603922019692e-07
28,382.6526943957258,0.0,1.18,-3.067000928146859,0.05598186009038183,0.05598186009038183,0.0,1.0,0.00035242669088432927
29,397.567123662221,0.0,1.18,0.5642407383526006,1.032840509692006,1.032840509692006,0.0,1.0,4.341923777066794e-06
30,411.2784397191715,0.0,1.18,1.3597678995409346,0.12175324582020612,0.12175324582020612,0.0,1.0,0.0001151719558848795
31,421.40908376924824,0.0,1.18,1.2053160483179903,0.08239415431933318,0.08239415431933318,0.0,1.0,7.629035552312578e-06
32,426.71853001409016,0.0,1.18,-0.47180871463893387,-0.13194628401631253,-0.13194628401631253,0.0,1.0,5.118759228508545e-07
33,426.71853001409016,0.0,1.18,0.0,0.0,0.0,0.0,1.0,1.8277144476004139e-06
34,293.112467219026,0.0,1.18,0.0,0.0,0.0,0.0,1.0,1.2544007458161342e-46
35,293.112467219026,0.0,1.18,-1.5322864791141596e-21,-7.508512911832272e-22,-7.508512911832272e-22,0.0,1.0,0.00019006356266878336
36,298.40679195607595,0.0,1.18,3.461092567526129e-21,5.658316527923799e-22,5.658316527923799e-22,0.0,1.0,9.346197969840086e-05
37,319.73684537950595,0.0,1.18,-0.05039244609620836,0.036913345132303745,0.036913345132303745,0.0,1.0,0.00017294713566205492
38,366.9845151333458,0.0,1.18,0.33717160049647704,-0.3199485913917503,-0.3199485913917503,0.0,1.0,0.0005225146411614714
39,405.23645717549005,0.0,1.18,-3.3811275435018042,0.18418918485892297,0.18418918485892297,0.0,1.0,0.0003121895718188969
40,431.56656550629754,0.0,1.18,-0.23031932662300256,0.00016548005024177317,0.00016548005024177317,0.0,1.0,0.00016545515770303372
41,453.3689648728531,0.0,1.18,2.3588699660062096,1.8142124436146592,1.8142124436146592,0.0,1.0,2.959444199759698e-05
42,469.7680253667111,0.0,1.18,0.6372423351403589,-0.35519232096360237,-0.35519232096360237,0.0,1.0,4.1587839994480474e-05
43,477.5073441039065,0.0,1.18,-0.24078620293023612,0.5448190338115644,0.5448190338115644,0.0,1.0,1.7096959249816918e-05
44,477.5073441039065,0.0,1.18,0.0,0.0,0.0,0.0,1.0,2.488521826971994e-05
45,277.8618490004444,0.0,1.18,0.0,0.0,0.0,1.0,0.0,2.796655696489274e-48
46,277.8618490004444,-0.0,1.18,2.742334491453511e-22,-1.0627960012091595e-22,-1.0627960012091595e-22,1.0,0.0,2.8798034692562606e-46
47,283.43976592477054,-0.0,1.18,1.2071569343777827e-21,-7.57728239132846e-22,-7.57728239132846e-22,0.0,1.0,6.451643240819625e-46
48,309.6066762198204,-0.0,1.18,5.724680948960447e-22,-2.375675407885045e-21,-2.375675407885045e-21,0.0,1.0,4.416115235695089e-06
49,379.9478654989223,0.0,1.18,-5.190010551769676,-0.29332272357528916,-0.29332272357528916,0.0,1.0,6.559653500300011e-06
50,450.3615892065931,-0.0,1.18,0.19260387520274672,-0.4376704581445478,-0.4376704581445478,0.0,1.0,0.0003309983351046763
51,436.696659795635,-0.0,1.18,-1.382867262409404,-2.6326057141089536,-2.6326057141089536,0.0,1.0,0.00037150147235712005
52,498.7297103010485,-0.0,1.18,2.4305476571218922,3.286063870644688,3.286063870644688,0.0,1.0,0.0003758954475649209
53,508.04523808483975,-0.0,1.18,0.6493839834460297,0.5787369784717584,0.5787369784717584,0.0,1.0,0.00023488635464838573
54,521.1449932779503,-0.0,1.18,0.3585887834806273,0.0942220810705441,0.0942220810705441,0.0,1.0,6.855125298333688e-05
55,521.1449932779503,0.0,1.18,0.0,0.0,0.0,0.0,1.0,6.248636577352664e-07
56,382.73637887311764,0.0,1.18,0.0,0.0,0.0,0.0,1.0,4.834554333007261e-49
57,382.73637887311764,-0.0,1.18,4.871983034541048e-22,-6.086665782676333e-23,-6.086665782676333e-23,0.0,1.0,2.6062504534935676e-48
58,96.0562465626457,-0.0,1.18,1.0745731505526634e-21,-2.823979371317309e-22,-2.823979371317309e-22,1.0,0.0,6.583292528243134e-47
59,376.46888617373054,0.0,1.18,2.5201086586765876e-22,1.223724980854024e-22,1.223724980854024e-22,0.0,1.0,3.247827920948158e-06
60,421.6040788878463,0.0,1.18,0.25597079413782725,0.31035380862887874,0.31035380862887874,0.0,1.0,0.0005520272886835432
61,453.11748635278906,-0.0,1.18,-0.4527052794859864,2.3406364213974395,2.3406364213974395,0.0,1.0,6.797717730801144e-05
62,474.88775357933355,-0.0,1.18,-1.2093043598094995,-0.5754387936256177,-0.5754387936256177,0.0,1.0,0.0004858583287829827
63,500.13338133303466,0.0,1.18,-0.6827426125618198,-2.4406079418567814,-2.4406079418567814,0.0,1.0,0.00018301182719771282
64,529.4111949813625,-0.0,1.18,2.217802348322114,2.445397083420752,2.445397083420752,0.0,1.0,0.0005306274015997318
65,543.1485928697934,-0.0,1.18,1.6462361130920697,1.829310081231423,1.829310081231423,0.0,1.0,9.838292141280078e-05
66,543.1485928697936,0.0,1.18,0.0,0.0,0.0,0.0,1.0,0.0002168374842063649
67,240.22038982374949,0.0,1.18,0.0,0.0,0.0,1.0,0.0,1.8552217283423064e-47
68,240.22038982374949,-0.0,1.18,2.86017486794629e-22,-2.366515032528739e-22,-2.366515032528739e-22,1.0,0.0,7.160667772782994e-49
69,764.2532852250407,0.0,1.18,9.013353126625819e-22,-7.52187543998423e-23,-7.52187543998423e-23,0.0,1.0,3.8645430587868957e-47
70,465.83013025332696,0.0,1.18,2.0177625899689106e-21,-2.5295454345944196e-22,-2.5295454345944196e-22,0.0,1.0,1.3703476646274313e-06
71,449.17573342390614,0.0,1.18,-1.310125310309336,-0.11618790943665179,-0.11618790943665179,0.0,1.0,1.1106910020642245e-05
72,462.9154459764126,-0.0,1.18,1.6540441882288957,-0.45045503462253444,-0.45045503462253444,0.0,1.0,2.763497916025872e-05
73,480.34680658441107,0.0,1.18,-1.1238511588159241,-1.1741884323045146,-1.1741884323045146,0.0,1.0,0.00026763318837065764
74,502.1230239461706,0.0,1.18,1.757190185032136,3.0298564126429253,3.0298564126429253,0.0,1.0,0.0004705949001514726
75,524.0546343780168,0.0,1.18,-2.940567215651951,-3.9562185153496685,-3.9562185153496685,0.0,1.0,0.0005239199109837671
76,540.7789734050489,0.0,1.18,0.6639851153979144,-1.4703262023369188,-1.4703262023369188,0.0,1.0,0.00034970451904291363
77,540.7789734050488,0.0,1.18,0.0,0.0,0.0,0.0,1.0,0.0001413138801807262
78,404.7041747190619,0.0,1.18,0.0,0.0,0.0,0.0,1.0,3.3359088889841607e-47
79,404.7041747190619,0.0,1.18,4.325306071260689e-22,5.346213075418202e-22,5.346213075418202e-22,0.0,1.0,5.8085049154155145e-08
80,468.52042045218275,0.0,1.18,-1.0986566634521749e-21,1.0333775130795369e-21,1.0333775130795369e-21,0.0,1.0,3.489564194379675e-06
81,471.689383405355,0.0,1.18,-0.22073303862456645,-0.3876096185383714,-0.3876096185383714,0.0,1.0,0.0001514688530668144
82,452.716989287326,0.0,1.18,0.771722193158532,2.649323481496867,2.649323481496867,0.0,1.0,1.070458492517187e-05
83,461.07437412206605,-0.0,1.18,-0.10659924981174737,-0.5983731625775839,-0.5983731625775839,0.0,1.0,0.00018609640128066762
84,465.5060679346187,0.0,1.18,-0.3099007198470536,2.4587439066136634,2.4587439066136634,0.0,1.0,4.936161432900143e-05
85,483.88926417498294,0.0,1.18,3.4509801390855346,0.8044843080221407,0.8044843080221407,0.0,1.0,0.00018091698279760457
86,503.9258317510007,0.0,1.18,-0.9216711542976075,-0.4978493565614359,-0.4978493565614359,0.0,1.0,0.0003876273753760279
87,508.1738497813251,0.0,1.18,-0.7512300530500099,0.7029319650821884,0.7029319650821884,0.0,1.0,5.995488158154083e-06
88,508.1738497813251,0.0,1.18,0.0,0.0,0.0,0.0,1.0,3.657623355240151e-05
89,393.95476785844454,0.0,1.18,0.0,0.0,0.0,0.0,1.0,6.931198912516464e-06
90,393.95476785844454,0.0,1.18,0.044617101120714764,0.23722039855427762,0.23722039855427762,0.0,1.0,3.4267073112811553e-06
91,405.37287585211914,0.0,1.18,0.10021560153783207,0.2603900279573933,0.2603900279573933,0.0,1.0,1.3998667746832766e-05
92,414.7741496577117,0.0,1.18,0.18127631760951057,-0.3027466352020728,-0.3027466352020728,0.0,1.0,4.759664982872587e-06
93,432.40098813371577,0.0,1.18,-0.6661869365812136,-0.011321872685087728,-0.011321872685087728,0.0,1.0,4.2832786071364385e-05
94,446.651841208526,-0.0,1.18,-1.2168464164983963,-1.174739018142971,-1.174739018142971,0.0,1.0,6.718469562235529e-05
95,428.06511561503805,0.0,1.18,-0.6040317879260523,-1.6709305580722207,-1.6709305580722207,0.0,1.0,0.00016770169202251029
96,442.8860076854997,0.0,1.18,1.4069777182683303,1.3377140253358657,1.3377140253358657,0.0,1.0,0.0006093795102478028
97,483.15172502048773,0.0,1.18,1.596723177017534,1.6720048673209122,1.6720048673209122,0.0,1.0,8.957931469740362e-05
98,480.39213100147265,0.0,1.18,0.3880838645961373,-0.27554131307354474,-0.27554131307354474,0.0,1.0,6.0220792961446935e-05
99,480.39213100147265,0.0,1.18,0.0,0.0,0.0,0.0,1.0,6.288958073424678e-06
100,352.77039482785307,0.0,1.18,0.0,0.0,0.0,0.0,1.0,2.540725581359603e-07
101,352.77039482785307,0.0,1.18,-0.20852104670116262,0.04066984342263783,0.04066984342263783,0.0,1.0,2.8028580508102967e-06
102,355.3286753659262,0.0,1.18,0.43564144043056247,-0.26645222576765837,-0.26645222576765837,0.0,1.0,3.5993525689104614e-06
103,359.60409167555616,0.0,1.18,0.09153960438081955,0.3323026350632442,0.3323026350632442,0.0,1.0,3.6223604496485395e-06
104,370.39088571921167,0.0,1.18,-0.18503926320457284,-0.011194599978104085,-0.011194599978104085,0.0,1.0,1.5711044622739046e-05
105,375.81778987443226,0.0,1.18,0.11768453237485232,0.24740562369743838,0.24740562369743838,0.0,1.0,0.00012127229277736544
106,371.04534082455945,0.0,1.18,0.03319498971137988,-1.4614971327194743,-1.4614971327194743,0.0,1.0,0.00010863462061616503
107,367.462009997393,0.0,1.18,-0.2686965498470158,-1.4153388913145708,-1.4153388913145708,0.0,1.0,7.188710731167909e-05
108,376.7909358197441,0.0,1.18,0.40987262239178646,-1.2344529160926596,-1.2344529160926596,0.0,1.0,0.0001830270414275071
109,378.1363838495877,0.0,1.18,-0.415901404797081,0.2839912265732868,0.2839912265732868,0.0,1.0,5.5965561160161894e-05
110,378.1363838495877,0.0,1.18,0.0,0.0,0.0,0.0,1.0,1.078226336001914e-05
111,300.0,0.0,1.18,0.0,0.0,0.0,0.0,1.0,0.0
112,300.0,0.0,1.18,0.0,0.0,0.0,0.0,1.0,9.235370117244809e-06
113,300.0,0.0,1.18,0.0,0.0,0.0,0.0,1.0,4.031000788537621e-05
114,300.0,0.0,1.18,0.0,0.0,0.0,0.0,1.0,1.7798056237498343e-06
115,300.0,0.0,1.18,0.0,0.0,0.0,0.0,1.0,7.27247594415665e-06
116,300.0,0.0,1.18,0.0,0.0,0.0,0.0,1.0,2.9416654816451e-06
117,300.0,0.0,1.18,0.0,0.0,0.0,0.0,1.0,2.3404511942776202e-07
118,300.0,-0.0,1.18,0.0,0.0,0.0,0.0,1.0,1.533482034509412e-05
119,300.0,-0.0,1.18,0.0,0.0,0.0,0.0,1.0,3.5682258342934354e-05
120,300.0,0.0,1.18,0.0,0.0,0.0,0.0,1.0,3.673967303598819e-05
121,300.0,0.0,1.18,0.0,0.0,0.0,0.0,1.0,0.0
1,312.0,0.0,1.18,0.0,0.0,0.0,0.0,1.0,0.0
2,312.0,0.0,1.18,0.0,0.0,0.0,0.0,1.0,5.4291564040655604e-08
3,312.0,0.0,1.18,0.0,0.0,0.0,0.0,1.0,1.2682206463336623e-06
4,312.0,0.0,1.18,0.0,0.0,0.0,0.0,1.0,3.926301108485789e-06
5,312.0,0.0,1.18,0.0,0.0,0.0,0.0,1.0,4.793425446315957e-09
6,312.0,0.0,1.18,0.0,0.0,0.0,0.0,1.0,3.1505568413062633e-09
7,312.0,0.0,1.18,0.0,0.0,0.0,0.0,1.0,7.038436087794701e-10
8,312.0,0.0,1.18,0.0,0.0,0.0,0.0,1.0,5.251511885436875e-09
9,312.0,0.0,1.18,0.0,0.0,0.0,0.0,1.0,2.0080694214190973e-08
10,312.0,0.0,1.18,0.0,0.0,0.0,0.0,1.0,5.803830613438901e-07
11,312.0,0.0,1.18,0.0,0.0,0.0,0.0,1.0,0.0
12,316.5877267927724,0.0,1.18,0.0,0.0,0.0,0.0,1.0,3.42653099730393e-09
13,316.5877267927724,0.0,1.18,0.016627320175152387,0.004238604511240861,0.004238604511240861,0.0,1.0,5.45905265417024e-08
14,317.25615622241486,0.0,1.18,-0.08036250997091417,0.024245174792840652,0.024245174792840652,0.0,1.0,4.136641550210952e-08
15,320.08448633353885,0.0,1.18,0.1413995034669092,-0.007764588217596447,-0.007764588217596447,0.0,1.0,1.2152653199345391e-07
16,324.4614559784945,0.0,1.18,0.004940592919204389,-0.005277007954951735,-0.005277007954951735,0.0,1.0,6.045481934410773e-08
17,326.2121508359547,0.0,1.18,-0.004005435501569793,0.021814226566937923,0.021814226566937923,0.0,1.0,4.7609996857969664e-08
18,328.68255776335633,0.0,1.18,0.0018931898559762935,0.026341318964217795,0.026341318964217795,0.0,1.0,4.584379649492626e-09
19,330.62570419359906,0.0,1.18,0.0051712824539830084,0.022537981897599136,0.022537981897599136,0.0,1.0,2.3707789720852592e-08
20,330.2912591546774,0.0,1.18,-0.010112195202707,0.02138250036624228,0.02138250036624228,0.0,1.0,7.726747474674887e-09
21,328.6318894191415,0.0,1.18,-0.054364255833959374,0.035638374720899986,0.035638374720899986,0.0,1.0,1.097024582600129e-07
22,328.6318894191415,0.0,1.18,0.0,0.0,0.0,0.0,1.0,2.248088449408381e-07
23,319.3153475147133,0.0,1.18,0.0,0.0,0.0,0.0,1.0,9.810762576300995e-07
24,319.3153475147133,0.0,1.18,0.023602409418024585,0.0723390273146872,0.0723390273146872,0.0,1.0,1.4237128215517113e-07
25,322.82606515214485,0.0,1.18,-0.02696571269870682,0.03881603533440903,0.03881603533440903,0.0,1.0,5.495120864561686e-08
26,327.37593888206345,0.0,1.18,0.041638614697960125,0.07275320519403079,0.07275320519403079,0.0,1.0,1.6005555842627363e-06
27,331.768317941349,0.0,1.18,0.021373717403599588,0.1191082685925382,0.1191082685925382,0.0,1.0,1.3686346500964338e-07
28,333.5491149016744,0.0,1.18,-0.007772832964817579,0.127935235223334,0.127935235223334,0.0,1.0,1.2996392044764784e-09
29,334.252630371275,0.0,1.18,0.010154254758681971,0.12460872131106027,0.12460872131106027,0.0,1.0,4.8099810985464084e-08
30,334.04387235093867,0.0,1.18,0.02275290552682359,0.10089485586828116,0.10089485586828116,0.0,1.0,2.048786963316468e-07
31,333.4211167675557,0.0,1.18,0.0021820953454273723,0.07921221883491518,0.07921221883491518,0.0,1.0,1.8666320450406214e-07
32,333.0876259972626,0.0,1.18,-0.04496571423671481,0.05895007533868675,0.05895007533868675,0.0,1.0,3.9336287586504444e-07
33,333.0876259972626,0.0,1.18,0.0,0.0,0.0,0.0,1.0,5.987544475089686e-07
34,320.83812213237604,0.0,1.18,0.0,0.0,0.0,0.0,1.0,5.315660833730519e-07
35,320.83812213237604,0.0,1.18,-0.022499090397886105,0.05350151576452013,0.05350151576452013,0.0,1.0,7.989566688020519e-07
36,325.94807359770397,0.0,1.18,-0.04574804567491922,0.09218514056473238,0.09218514056473238,0.0,1.0,5.979307931822436e-07
37,331.57970331206343,0.0,1.18,-0.030203533853813573,0.1402627427790039,0.1402627427790039,0.0,1.0,1.0911599169372664e-06
38,334.76893950976245,0.0,1.18,-0.005412723383000652,0.18635128451860913,0.18635128451860913,0.0,1.0,5.7652653231846e-07
39,335.4342454992005,0.0,1.18,-0.004029750418703837,0.2150419758900642,0.2150419758900642,0.0,1.0,1.0319312543962805e-08
40,335.15749219462197,0.0,1.18,0.021725207976909484,0.20067015256620538,0.20067015256620538,0.0,1.0,9.423788492956956e-08
41,334.3943820940801,0.0,1.18,0.057352591426942746,0.17838536313032258,0.17838536313032258,0.0,1.0,4.54405768118065e-07
42,333.14298658924963,0.0,1.18,0.04070921822434209,0.12359221351916977,0.12359221351916977,0.0,1.0,7.532118385486694e-07
43,333.10083323923516,0.0,1.18,-0.0009079116232286048,0.08635623692008583,0.08635623692008583,0.0,1.0,1.1015297887047793e-06
44,333.10083323923516,0.0,1.18,0.0,0.0,0.0,0.0,1.0,1.2847925274855969e-06
45,321.4733580061024,0.0,1.18,0.0,0.0,0.0,0.0,1.0,6.388725228045258e-07
46,321.4733580061024,0.0,1.18,-0.06973032130899778,0.05876971448461989,0.05876971448461989,0.0,1.0,8.665725987832144e-07
47,326.13285494387844,0.0,1.18,-0.1028940584163812,0.10162184750834122,0.10162184750834122,0.0,1.0,8.779039406523796e-07
48,331.6539407712747,0.0,1.18,-0.08578128658808648,0.15730064183287631,0.15730064183287631,0.0,1.0,7.954320626678327e-07
49,335.2334616041008,0.0,1.18,-0.06766525349174428,0.19645103789239896,0.19645103789239896,0.0,1.0,3.3601737674070604e-07
50,335.7120572593363,0.0,1.18,-0.0016143815317003192,0.21424772091483804,0.21424772091483804,0.0,1.0,2.1214328227333806e-09
51,334.50619406917394,0.0,1.18,0.03967301448414858,0.19019144720787823,0.19019144720787823,0.0,1.0,7.385507035019079e-08
52,333.38212970469624,0.0,1.18,0.091245465673474,0.19588820505137342,0.19588820505137342,0.0,1.0,2.137819427286548e-07
53,332.04182898738713,0.0,1.18,0.09717009455074056,0.1334446414485957,0.1334446414485957,0.0,1.0,1.076575302920083e-06
54,332.14164252656474,0.0,1.18,0.05652158050368431,0.08456589628942607,0.08456589628942607,0.0,1.0,1.4473049861312914e-06
55,332.14164252656474,0.0,1.18,0.0,0.0,0.0,0.0,1.0,1.2391984917454661e-06
56,322.30531520481486,0.0,1.18,0.0,0.0,0.0,0.0,1.0,5.378914435174199e-07
57,322.30531520481486,0.0,1.18,-0.11421874825455129,0.054065008374561935,0.054065008374561935,0.0,1.0,3.8130866104809403e-07
58,322.80994487219226,0.0,1.18,-0.1448969723889004,0.07040817564358971,0.07040817564358971,0.0,1.0,2.523080228731001e-07
59,328.74963868148717,0.0,1.18,-0.1267189948710135,0.10744860315975398,0.10744860315975398,0.0,1.0,3.2953069758726134e-07
60,331.47661007903423,0.0,1.18,-0.07366746707307598,0.13903986234592308,0.13903986234592308,0.0,1.0,2.052278922062013e-07
61,332.56156318933006,0.0,1.18,-0.007323232007940058,0.16770323141994017,0.16770323141994017,0.0,1.0,2.7789530858854832e-08
62,332.10235312344474,0.0,1.18,0.059036782689019816,0.14496587633610608,0.14496587633610608,0.0,1.0,2.1387406106060172e-07
63,330.78966870534776,0.0,1.18,0.09920539248774839,0.10870770031161603,0.10870770031161603,0.0,1.0,1.486506986911989e-07
64,329.8885297818503,0.0,1.18,0.1522618572413241,0.11061603015053255,0.11061603015053255,0.0,1.0,1.538998849103313e-07
65,331.0014414626326,0.0,1.18,0.12400007586611715,0.06885784176298076,0.06885784176298076,0.0,1.0,9.792507881998603e-07
66,331.0014414626326,0.0,1.18,0.0,0.0,0.0,0.0,1.0,8.272638834183461e-07
67,319.97455869859186,0.0,1.18,0.0,0.0,0.0,0.0,1.0,1.1259664430779706e-07
68,319.97455869859186,0.0,1.18,-0.12744654702214964,0.02455724604824715,0.02455724604824715,0.0,1.0,2.2291991633432982e-08
69,325.09563068200816,0.0,1.18,-0.15438946582906762,0.016047560656740033,0.016047560656740033,0.0,1.0,1.3491380630157447e-08
70,325.5335987828938,0.0,1.18,-0.13814516628351795,0.01349749903932254,0.01349749903932254,0.0,1.0,6.0149902510169555e-09
71,327.04254552698717,0.0,1.18,-0.10064846908887495,0.02339288420516689,0.02339288420516689,0.0,1.0,2.3306281846568334e-08
72,327.4599712376559,0.0,1.18,0.023043210435888486,0.03618573250051214,0.03618573250051214,0.0,1.0,7.274295113060056e-10
73,327.01093314698863,0.0,1.18,0.07782287473043437,0.02736797534363374,0.02736797534363374,0.0,1.0,5.5480069171373435e-09
74,326.67978401279635,0.0,1.18,0.13840107089712975,0.03632360287414999,0.03632360287414999,0.0,1.0,1.1195987388790997e-07
75,327.58573437603314,0.0,1.18,0.14094870223847558,0.004126031216200868,0.004126031216200868,0.0,1.0,7.751590897175629e-09
76,330.42050589997035,0.0,1.18,0.15758646374922175,0.02662673281425241,0.02662673281425241,0.0,1.0,1.2508562006604692e-08
77,330.42050589997035,0.0,1.18,0.0,0.0,0.0,0.0,1.0,1.2413630066095177e-07
78,314.9625876310444,0.0,1.18,0.0,0.0,0.0,0.0,1.0,2.985225344017299e-08
79,314.9625876310444,0.0,1.18,-0.09938459623876295,-0.012446550883499986,-0.012446550883499986,0.0,1.0,4.230228995456146e-07
80,317.0973022610831,0.0,1.18,-0.1316288638351728,-0.05489336634191451,-0.05489336634191451,0.0,1.0,5.791793734505245e-07
81,319.7503125617437,0.0,1.18,-0.13563111361247376,-0.09102681685820793,-0.09102681685820793,0.0,1.0,1.3418109020095784e-07
82,320.78905181143904,0.0,1.18,-0.07628516402296577,-0.079819778389953,-0.079819778389953,0.0,1.0,3.701473589517451e-08
83,321.2076873297374,0.0,1.18,-0.006601750309202693,-0.09434225890095363,-0.09434225890095363,0.0,1.0,1.149001364096386e-07
84,321.2738187280712,0.0,1.18,0.07017790657748602,-0.06485000567644285,-0.06485000567644285,0.0,1.0,1.2385109248194693e-07
85,322.59842666730583,0.0,1.18,0.14347709956772375,-0.05706016681838451,-0.05706016681838451,0.0,1.0,9.180376900672649e-08
86,325.4808789653379,0.0,1.18,0.14331576125883244,-0.053536840961349454,-0.053536840961349454,0.0,1.0,2.1877648188460044e-07
87,329.04682105346706,0.0,1.18,0.14039329933331512,0.0077330527002459435,0.0077330527002459435,0.0,1.0,2.9863270693001813e-07
88,329.04682105346706,0.0,1.18,0.0,0.0,0.0,0.0,1.0,1.0558046315101612e-08
89,308.7801047599159,0.0,1.18,0.0,0.0,0.0,0.0,1.0,1.955447527843949e-07
90,308.7801047599159,0.0,1.18,-0.05150094344452189,-0.0312301365129823,-0.0312301365129823,0.0,1.0,7.311858015105164e-07
91,310.7349783777512,0.0,1.18,-0.0768579164325854,-0.08695973759454259,-0.08695973759454259,0.0,1.0,1.3281464374458549e-06
92,312.863767101929,0.0,1.18,-0.09071840678616137,-0.1519590523681505,-0.1519590523681505,0.0,1.0,9.919487386166122e-07
93,314.88046702031147,0.0,1.18,-0.07261203613488677,-0.19078598710827374,-0.19078598710827374,0.0,1.0,1.452914104730402e-07
94,316.76739134807985,0.0,1.18,-0.024459401185254165,-0.19512652711575704,-0.19512652711575704,0.0,1.0,3.347453984022364e-08
95,319.6113611357343,0.0,1.18,0.04197622714797558,-0.1736334996758522,-0.1736334996758522,0.0,1.0,6.836655341337539e-07
96,323.3990315137151,-0.0,1.18,0.09514399950877288,-0.09614725987832484,-0.09614725987832484,0.0,1.0,1.2435640124210437e-06
97,324.85446823650335,0.0,1.18,0.11542351388737537,-0.05073020862807786,-0.05073020862807786,0.0,1.0,8.534523997439798e-07
98,327.2148108872532,0.0,1.18,0.09514005925035121,0.005198894131773769,0.005198894131773769,0.0,1.0,5.520715916037073e-07
99,327.2148108872532,0.0,1.18,0.0,0.0,0.0,0.0,1.0,4.825619369083273e-09
100,304.962921720045,0.0,1.18,0.0,0.0,0.0,0.0,1.0,1.1030110821754516e-07
101,304.962921720045,0.0,1.18,-0.015564619203378103,-0.02316532869340961,-0.02316532869340961,0.0,1.0,3.283317332880455e-07
102,306.5703659234095,0.0,1.18,-0.020909562069337227,-0.06113262189921453,-0.06113262189921453,0.0,1.0,6.972343762226438e-07
103,307.83231981463524,0.0,1.18,-0.03797222929250688,-0.11151068368200925,-0.11151068368200925,0.0,1.0,1.0361099621672005e-06
104,309.7955042488381,0.0,1.18,-0.04235989615207947,-0.17210446436188945,-0.17210446436188945,0.0,1.0,6.393143905935369e-07
105,312.9763075313743,0.0,1.18,-0.026816484899629914,-0.1984956705261383,-0.1984956705261383,0.0,1.0,4.5406051341594024e-08
106,316.18591568898273,0.0,1.18,0.0007769126304669866,-0.19033674574888634,-0.19033674574888634,0.0,1.0,3.275502896746942e-07
107,319.4442376513354,0.0,1.18,0.033432590500369876,-0.12715050432832495,-0.12715050432832495,0.0,1.0,1.328384084004117e-06
108,319.8966586467241,0.0,1.18,0.05071451537564086,-0.05136831409135903,-0.05136831409135903,0.0,1.0,1.6892430964786978e-06
109,321.7049642336487,0.0,1.18,0.04142283813898467,0.024010269908036962,0.024010269908036962,0.0,1.0,5.398193474296127e-07
110,321.7049642336487,0.0,1.18,0.0,0.0,0.0,0.0,1.0,1.0648184831340398e-07
111,300.0,0.0,1.18,0.0,0.0,0.0,0.0,1.0,0.0
112,300.0,0.0,1.18,0.0,0.0,0.0,0.0,1.0,5.1455465588965744e-08
113,300.0,0.0,1.18,0.0,0.0,0.0,0.0,1.0,9.28633585318434e-08
114,300.0,0.0,1.18,0.0,0.0,0.0,0.0,1.0,3.062574779368332e-07
115,300.0,0.0,1.18,0.0,0.0,0.0,0.0,1.0,3.8112223434797677e-07
116,300.0,0.0,1.18,0.0,0.0,0.0,0.0,1.0,1.527419083678296e-07
117,300.0,0.0,1.18,0.0,0.0,0.0,0.0,1.0,1.2820320319452776e-10
118,300.0,0.0,1.18,0.0,0.0,0.0,0.0,1.0,2.3740757404689568e-07
119,300.0,0.0,1.18,0.0,0.0,0.0,0.0,1.0,5.462847436225704e-07
120,300.0,0.0,1.18,0.0,0.0,0.0,0.0,1.0,3.6444686273936226e-07
121,300.0,0.0,1.18,0.0,0.0,0.0,0.0,1.0,0.0
1,312.0,0.0,1.18,0.0,0.0,0.0,0.0,1.0,0.0
2,312.0,0.0,1.18,0.0,0.0,0.0,0.0,1.0,3.636705447462179e-10
3,312.0,0.0,1.18,0.0,0.0,0.0,0.0,1.0,4.672876013633571e-09
4,312.0,0.0,1.18,0.0,0.0,0.0,0.0,1.0,2.833194037227456e-11
5,312.0,0.0,1.18,0.0,0.0,0.0,0.0,1.0,7.697852048462812e-10
6,312.0,0.0,1.18,0.0,0.0,0.0,0.0,1.0,3.987696032327389e-09
7,312.0,0.0,1.18,0.0,0.0,0.0,0.0,1.0,6.25278501447999e-09
8,312.0,0.0,1.18,0.0,0.0,0.0,0.0,1.0,4.051582628489309e-09
9,312.0,0.0,1.18,0.0,0.0,0.0,0.0,1.0,8.276622849918248e-12
10,312.0,0.0,1.18,0.0,0.0,0.0,0.0,1.0,9.648393441981024e-09
11,312.0,0.0,1.18,0.0,0.0,0.0,0.0,1.0,0.0
12,310.9745576601014,0.0,1.18,0.0,0.0,0.0,0.0,1.0,7.588754422401362e-08
13,310.9745576601014,0.0,1.18,-0.001360849652196308,0.01959348087367104,0.01959348087367104,0.0,1.0,4.036649284324871e-08
14,310.99634757858263,0.0,1.18,-0.004878072066155708,0.026290490932932023,0.026290490932932023,0.0,1.0,1.744076951037783e-08
15,311.2043084853131,0.0,1.18,-0.00037983435473501963,0.03195332341417924,0.03195332341417924,0.0,1.0,6.4873883781887306e-09
16,311.5606033586794,0.0,1.18,0.0019798890921326018,0.03445698880385845,0.03445698880385845,0.0,1.0,5.221805821450443e-11
17,311.94813686101,0.0,1.18,0.004506268927266333,0.032866444529159884,0.032866444529159884,0.0,1.0,5.230703997508829e-09
18,312.34471802051127,0.0,1.18,0.005642776272917719,0.02809919082923866,0.02809919082923866,0.0,1.0,1.3264895361365042e-08
19,312.7129709390054,0.0,1.18,0.004542222803753262,0.02262279740458363,0.02262279740458363,0.0,1.0,1.146467816044175e-08
20,313.01888560206936,0.0,1.18,0.00020529702970846085,0.019372820038959057,0.019372820038959057,0.0,1.0,2.2792950882024423e-09
21,313.22349484755176,0.0,1.18,-0.007009444243374296,0.01948390575936275,0.01948390575936275,0.0,1.0,1.8635049942978917e-08
22,313.22349484755176,0.0,1.18,0.0,0.0,0.0,0.0,1.0,7.396740804477836e-08
23,309.75621105681773,0.0,1.18,0.0,0.0,0.0,0.0,1.0,6.811248608544145e-08
24,309.75621105681773,0.0,1.18,-0.01120909880065659,0.018489913461618324,0.018489913461618324,0.0,1.0,6.090268625758616e-08
25,309.86737846472454,0.0,1.18,-0.01414939665374865,0.028126238594808894,0.028126238594808894,0.0,1.0,4.2878674122154584e-08
26,310.2542746487464,0.0,1.18,-0.008048448767173087,0.03837131223129452,0.03837131223129452,0.0,1.0,3.129079511820717e-08
27,310.8526670027604,0.0,1.18,0.00047628949316939044,0.04587369137703609,0.04587369137703609,0.0,1.0,6.387684030621681e-09
28,311.5310287275757,0.0,1.18,0.008129440141255955,0.04781833092669923,0.04781833092669923,0.0,1.0,1.040025481235343e-09
29,312.2117214413022,0.0,1.18,0.012878635692441586,0.0448788910820569,0.0448788910820569,0.0,1.0,1.2148497068853363e-08
30,312.8447734809375,0.0,1.18,0.012587466220997767,0.03880459345830057,0.03880459345830057,0.0,1.0,2.2136167103700014e-08
31,313.39349559177225,0.0,1.18,0.006072751338088072,0.032084606746112396,0.032084606746112396,0.0,1.0,2.2393821447168593e-08
32,313.78020473157113,0.0,1.18,-0.002693726728895257,0.02489502436473732,0.02489502436473732,0.0,1.0,5.943497301750412e-08
33,313.78020473157113,0.0,1.18,0.0,0.0,0.0,0.0,1.0,1.2032920547436068e-07
34,308.61157072943377,0.0,1.18,0.0,0.0,0.0,0.0,1.0,4.108315845088002e-08
35,308.61157072943377,0.0,1.18,-0.022137513284516748,0.014306902131748801,0.014306902131748801,0.0,1.0,5.919688043733678e-08
36,308.8891461097697,0.0,1.18,-0.026470465946661994,0.026507014740105583,0.026507014740105583,0.0,1.0,5.786226296425074e-08
37,309.459548818651,0.0,1.18,-0.018135993910185777,0.038067619579419405,0.038067619579419405,0.0,1.0,3.73547420309575e-08
38,310.2290876096574,0.0,1.18,-0.004337557893504326,0.04626376194199429,0.04626376194199429,0.0,1.0,1.164023599479489e-08
39,311.07012539967775,0.0,1.18,0.008993042116001694,0.050133728129719786,0.050133728129719786,0.0,1.0,4.6474183638867014e-10
40,311.91515516791355,0.0,1.18,0.018547915758614805,0.04916797334136634,0.04916797334136634,0.0,1.0,6.524020492913669e-09
41,312.71965154786204,0.0,1.18,0.021561194954614026,0.04420562839669985,0.04420562839669985,0.0,1.0,2.2000400827732475e-08
42,313.4363249829526,0.0,1.18,0.016537776159876425,0.036361290638079025,0.036361290638079025,0.0,1.0,3.779856632580072e-08
43,313.9381133625082,0.0,1.18,0.006957319628062527,0.026722981094356058,0.026722981094356058,0.0,1.0,8.464289641851323e-08
44,313.9381133625082,0.0,1.18,0.0,0.0,0.0,0.0,1.0,1.3850923884040124e-07
45,307.6677464572559,0.0,1.18,0.0,0.0,0.0,0.0,1.0,2.8027734854982294e-08
46,307.6677464572559,0.0,1.18,-0.03305212710964456,0.011780872607514129,0.011780872607514129,0.0,1.0,4.872726936332591e-08
47,308.1287120695056,0.0,1.18,-0.038452598020472566,0.0234182308606029,0.0234182308606029,0.0,1.0,4.7662731256423374e-08
48,309.0495226028636,0.0,1.18,-0.026974977263489575,0.034810962674978733,0.034810962674978733,0.0,1.0,2.6859302727018255e-08
49,309.9943473964447,0.0,1.18,-0.008948485980265654,0.04175645118134951,0.04175645118134951,0.0,1.0,7.749504191334893e-09
50,310.9060696023285,0.0,1.18,0.009117161513631719,0.04494363743632973,0.04494363743632973,0.0,1.0,3.174017891157718e-10
51,311.75659068311415,0.0,1.18,0.022761645924055628,0.044238850851818515,0.044238850851818515,0.0,1.0,3.526039705044028e-09
52,312.6002989078532,0.0,1.18,0.029504535690163872,0.04067255200222387,0.04067255200222387,0.0,1.0,1.4463169268615697e-08
53,313.3803476130523,0.0,1.18,0.027784166471638304,0.033889566128050115,0.033889566128050115,0.0,1.0,3.1466044931611225e-08
54,313.93796507497547,0.0,1.18,0.017884024453422832,0.025344643183265465,0.025344643183265465,0.0,1.0,7.566523414390166e-08
55,313.93796507497547,0.0,1.18,0.0,0.0,0.0,0.0,1.0,1.245895756961929e-07
56,306.83529200331463,0.0,1.18,0.0,0.0,0.0,0.0,1.0,1.4855202637483908e-08
57,306.83529200331463,0.0,1.18,-0.04255186437986377,0.008553543919330029,0.008553543919330029,0.0,1.0,2.3071909066814234e-08
58,307.62747587047767,0.0,1.18,-0.0468792768966951,0.01662756183513253,0.01662756183513253,0.0,1.0,1.9129435051529132e-08
59,308.96594435189934,0.0,1.18,-0.03229619676130462,0.024946942640154412,0.024946942640154412,0.0,1.0,1.2736174318065345e-08
60,310.1330410482066,0.0,1.18,-0.011628409816905924,0.03117860691408551,0.03117860691408551,0.0,1.0,4.650929927761884e-09
61,311.0322196273633,0.0,1.18,0.009500613295956797,0.03381942196863665,0.03381942196863665,0.0,1.0,3.393368260727103e-10
62,311.81707835858765,0.0,1.18,0.02586010525549601,0.033731409704120585,0.033731409704120585,0.0,1.0,1.3416571600765174e-09
63,312.58273721267955,0.0,1.18,0.035295422328225384,0.03085856086235569,0.03085856086235569,0.0,1.0,5.9803075067587224e-09
64,313.33666235545263,0.0,1.18,0.03682753916017422,0.027003692756706197,0.027003692756706197,0.0,1.0,1.2797156229304459e-08
65,313.88692499377885,0.0,1.18,0.027253554238407356,0.02176762730103989,0.02176762730103989,0.0,1.0,4.555858473059458e-08
66,313.88692499377885,0.0,1.18,0.0,0.0,0.0,0.0,1.0,9.193328035311795e-08
67,305.9958099232506,0.0,1.18,0.0,0.0,0.0,0.0,1.0,9.250516044292816e-10
68,305.9958099232506,0.0,1.18,-0.04639560878334656,0.002128628874860693,0.002128628874860693,0.0,1.0,8.730493889525054e-10
69,307.23741876245157,0.0,1.18,-0.048943602617696605,0.0034172217831759002,0.0034172217831759002,0.0,1.0,1.7746589067624828e-09
70,308.9690112875823,0.0,1.18,-0.03350725477076762,0.0065658721243897315,0.0065658721243897315,0.0,1.0,3.967099495237476e-09
71,310.3465549301505,0.0,1.18,-0.012806473290367324,0.012249206127849868,0.012249206127849868,0.0,1.0,5.080865890874788e-09
72,311.23824210742356,0.0,1.18,0.009710773469189577,0.01664907481424516,0.01664907481424516,0.0,1.0,1.5950995686173795e-09
73,311.8804696271254,0.0,1.18,0.02706625219770055,0.017156673177077354,0.017156673177077354,0.0,1.0,3.4522342741481967e-10
74,312.57908325015524,0.0,1.18,0.0382798906235246,0.017790914036278728,0.017790914036278728,0.0,1.0,3.6860439808623504e-11
75,313.26324062412067,0.0,1.18,0.041210258238788294,0.01800825151838789,0.01800825151838789,0.0,1.0,4.5469747956081474e-10
76,313.74524710764604,0.0,1.18,0.03237702986707866,0.01836571957785115,0.01836571957785115,0.0,1.0,1.7115709683405193e-08
77,313.74524710764604,0.0,1.18,0.0,0.0,0.0,0.0,1.0,6.550261053945935e-08
78,305.0507043433629,0.0,1.18,0.0,0.0,0.0,0.0,1.0,1.3127454061909959e-08
79,305.0507043433629,0.0,1.18,-0.040222062699574596,-0.007993993204892639,-0.007993993204892639,0.0,1.0,3.7089583603255124e-08
80,306.52460911163024,0.0,1.18,-0.04295959020092852,-0.016006917442989516,-0.016006917442989516,0.0,1.0,2.621767020040383e-08
81,308.4984682959728,0.0,1.18,-0.031182659695687957,-0.01895316032071145,-0.01895316032071145,0.0,1.0,4.455258405733488e-09
82,310.0923471441771,0.0,1.18,-0.012481492942287151,-0.01525640179642985,-0.01525640179642985,0.0,1.0,4.075199057374731e-09
83,311.0173781130984,0.0,1.18,0.00662849339550112,-0.00989890443066526,-0.00989890443066526,0.0,1.0,1.130163867884467e-08
84,311.71629394357876,0.0,1.18,0.02346788622432449,-0.003172291864792623,-0.003172291864792623,0.0,1.0,1.689075769230425e-08
85,312.3292214828179,0.0,1.18,0.035464000279516815,0.0029636067799024128,0.0029636067799024128,0.0,1.0,1.6357513812585782e-08
86,312.8924630090518,0.0,1.18,0.03982862808570166,0.009292594656236807,0.009292594656236807,0.0,1.0,1.2460310770566856e-08
87,313.225934608852,0.0,1.18,0.032568246619441445,0.015318873925046463,0.015318873925046463,0.0,1.0,5.190251985828786e-09
88,313.225934608852,0.0,1.18,0.0,0.0,0.0,0.0,1.0,4.5723058994959705e-08
89,303.87778759051645,0.0,1.18,0.0,0.0,0.0,0.0,1.0,7.136076081574125e-08
90,303.87778759051645,0.0,1.18,-0.024809013398073045,-0.018566505933741262,-0.018566505933741262,0.0,1.0,1.1894719635052392e-07
91,305.0765669358733,0.0,1.18,-0.0290602402383267,-0.035137250947164515,-0.035137250947164515,0.0,1.0,8.785260092933221e-08
92,306.8423787153448,0.0,1.18,-0.024117851948388058,-0.04575032673209484,-0.04575032673209484,0.0,1.0,2.7548915790095763e-08
93,308.51754069642953,0.0,1.18,-0.012677315103369955,-0.04796668897021045,-0.04796668897021045,0.0,1.0,1.1753581039824306e-09
94,309.864851551402,0.0,1.18,0.000615119432603233,-0.042836636871852886,-0.042836636871852886,0.0,1.0,1.9925562645958633e-08
95,310.8178717509715,0.0,1.18,0.013725331132223937,-0.030606286175400402,-0.030606286175400402,0.0,1.0,5.7923532599782746e-08
96,311.20181213056117,0.0,1.18,0.024918819890825904,-0.015463329031449341,-0.015463329031449341,0.0,1.0,7.54817837947837e-08
97,311.56896262580017,0.0,1.18,0.031080749262556415,-0.0018973528344950537,-0.0018973528344950537,0.0,1.0,6.288393283744465e-08
98,311.62673842458406,0.0,1.18,0.02788248108077768,0.009850583715895074,0.009850583715895074,0.0,1.0,1.4599918322410123e-08
99,311.62673842458406,0.0,1.18,0.0,0.0,0.0,0.0,1.0,1.9100798619822158e-08
100,302.16346152746326,0.0,1.18,0.0,0.0,0.0,0.0,1.0,1.0261180679159982e-07
101,302.16346152746326,0.0,1.18,-0.007607374109789892,-0.022138189645921784,-0.022138189645921784,0.0,1.0,1.082098105865243e-07
102,302.7771486134884,0.0,1.18,-0.011782965729681334,-0.03810328641946903,-0.03810328641946903,0.0,1.0,9.329531112325672e-08
103,303.79268489812716,0.0,1.18,-0.011736492112934146,-0.05288157964356969,-0.05288157964356969,0.0,1.0,6.142277869686933e-08
104,304.9346466492898,0.0,1.18,-0.008618857529695484,-0.06268985873495896,-0.06268985873495896,0.0,1.0,1.4577785891280766e-08
105,306.0420517003351,0.0,1.18,-0.0033186905957628405,-0.06396878289219811,-0.06396878289219811,0.0,1.0,2.330229915380817e-09
106,307.00686897709437,0.0,1.18,0.0029342690559274955,-0.05596000838295861,-0.05596000838295861,0.0,1.0,3.957416903209661e-08
107,307.76951096150367,0.0,1.18,0.008903925097147087,-0.039635435741625265,-0.039635435741625265,0.0,1.0,9.576591043626206e-08
108,307.8279871418911,0.0,1.18,0.014598504386123238,-0.02022237154443069,-0.02022237154443069,0.0,1.0,1.1299890453596785e-07
109,307.53939926187115,0.0,1.18,0.015448774320575738,-0.003934866166807186,-0.003934866166807186,0.0,1.0,5.99457293301223e-08
110,307.53939926187115,0.0,1.18,0.0,0.0,0.0,0.0,1.0,3.1293592992927687e-09
111,300.0,0.0,1.18,0.0,0.0,0.0,0.0,1.0,0.0
112,300.0,0.0,1.18,0.0,0.0,0.0,0.0,1.0,1.229204271575445e-08
113,300.0,0.0,1.18,0.0,0.0,0.0,0.0,1.0,2.9489250966565827e-08
114,300.0,0.0,1.18,0.0,0.0,0.0,0.0,1.0,2.9257090487643453e-08
115,300.0,0.0,1.18,0.0,0.0,0.0,0.0,1.0,1.5778071366890846e-08
116,300.0,0.0,1.18,0.0,0.0,0.0,0.0,1.0,2.3393114242339624e-09
117,300.0,0.0,1.18,0.0,0.0,0.0,0.0,1.0,1.8287501711826404e-09
118,300.0,0.0,1.18,0.0,0.0,0.0,0.0,1.0,1.6839046965602668e-08
119,300.0,0.0,1.18,0.0,0.0,0.0,0.0,1.0,4.526590855819645e-08
120,300.0,0.0,1.18,0.0,0.0,0.0,0.0,1.0,5.069236698891626e-08
121,300.0,0.0,1.18,0.0,0.0,0.0,0.0,1.0,0.0
