1,310.0,0.0,1.18,0.0,0.0,0.0,0.0,1.0,0.0
2,310.0,0.0,1.18,0.0,0.0,0.0,0.0,1.0,1.4555769905563607e-05
3,310.0,0.0,1.18,0.0,0.0,0.0,0.0,1.0,4.403940634176951e-05
4,310.0,0.0,1.18,0.0,0.0,0.0,0.0,1.0,8.074820112635803e-05
5,310.0,0.0,1.18,0.0,0.0,0.0,0.0,1.0,0.0001096228143082543
6,310.0,0.0,1.18,0.0,0.0,0.0,0.0,1.0,0.00011783041165206002
7,310.0,0.0,1.18,0.0,0.0,0.0,0.0,1.0,0.00010304867035814742
8,310.0,0.0,1.18,0.0,0.0,0.0,0.0,1.0,7.304516070389894e-05
9,310.0,0.0,1.18,0.0,0.0,0.0,0.0,1.0,4.0202640857324834e-05
10,310.0,0.0,1.18,0.0,0.0,0.0,0.0,1.0,1.4624961380397668e-05
11,310.0,0.0,1.18,0.0,0.0,0.0,0.0,1.0,0.0
12,308.23290710995417,0.0,1.18,0.0,0.0,0.0,0.0,1.0,8.87104328692816e-06
13,308.23290710995417,0.0,1.18,-0.002041888716814891,0.005236536375378959,0.005236536375378959,0.0,1.0,3.7280576246087634e-06
14,308.24582633485136,0.0,1.18,-0.002616903314416646,0.009265424365418842,0.009265424365418842,0.0,1.0,1.0101921946011385e-05
15,308.3109691994373,0.0,1.18,-0.0018917437115710254,0.012723802387519592,0.012723802387519592,0.0,1.0,2.240293903698618e-05
16,308.42503138970903,0.0,1.18,-0.0007095740122622504,0.014898470029362261,0.014898470029362261,0.0,1.0,3.3680711682125276e-05
17,308.5650510855827,0.0,1.18,0.0004738305498211281,0.015451262117248402,0.015451262117248402,0.0,1.0,3.859409054716969e-05
18,308.70745151608986,0.0,1.18,0.001449129910281441,0.01441664787320313,0.01441664787320313,0.0,1.0,3.5078472821911356e-05
19,308.83119325589865,0.0,1.18,0.0021023348753368754,0.012077241932518119,0.012077241932518119,0.0,1.0,2.4918237831659177e-05
20,308.91811207738647,0.0,1.18,0.0022262763076883454,0.00888912416878822,0.00888912416878822,0.0,1.0,1.295270022220215e-05
21,308.95637645925734,0.0,1.18,0.001314719176987316,0.0053648842112620915,0.0053648842112620915,0.0,1.0,5.2346253066907926e-06
22,308.95637645925734,0.0,1.18,0.0,0.0,0.0,0.0,1.0,7.978859447606362e-06
23,306.6392614082954,0.0,1.18,0.0,0.0,0.0,0.0,1.0,2.3890506509393177e-05
24,306.6392614082954,0.0,1.18,-0.006214956643787981,0.004307595272321064,0.004307595272321064,0.0,1.0,7.581613432731941e-06
25,306.67045270507293,0.0,1.18,-0.007130087158725713,0.009020005544726246,0.009020005544726246,0.0,1.0,1.7744698975159793e-06
26,306.7872627462267,0.0,1.18,-0.005344418977685408,0.013303477043731365,0.013303477043731365,0.0,1.0,4.500200450615886e-06
27,306.99994284497285,0.0,1.18,-0.002406452779801844,0.016311389667464007,0.016311389667464007,0.0,1.0,5.907507309017639e-06
28,307.26493019338506,0.0,1.18,0.000722724265951392,0.017515661934752052,0.017515661934752052,0.0,1.0,5.070860935809582e-06
29,307.53727767594677,0.0,1.18,0.0034936251459741336,0.01675066733105602,0.01675066733105602,0.0,1.0,3.1955447476005328e-06
30,307.7766895297369,0.0,1.18,0.005534238147177636,0.014166193814140051,0.014166193814140051,0.0,1.0,1.157795460217549e-06
31,307.9480004133242,0.0,1.18,0.006353331041222861,0.010196775600376663,0.010196775600376663,0.0,1.0,1.7316111847475183e-07
32,308.0269610544919,0.0,1.18,0.005055729162583666,0.00547701862724332,0.00547701862724332,0.0,1.0,5.679814676100779e-06
33,308.0269610544919,0.0,1.18,0.0,0.0,0.0,0.0,1.0,2.013670195126658e-05
34,305.3048290859802,0.0,1.18,0.0,0.0,0.0,0.0,1.0,4.844985763924071e-05
35,305.3048290859802,0.0,1.18,-0.009707930509764434,0.002227636136850781,0.002227636136850781,0.0,1.0,1.808295256832413e-05
36,305.3591159196597,0.0,1.18,-0.011288582221284895,0.005601659775697471,0.005601659775697471,0.0,1.0,6.940615836375545e-06
37,305.5344093010509,0.0,1.18,-0.008735908479510935,0.009022654447853084,0.009022654447853084,0.0,1.0,1.837944073224155e-05
38,305.7980643597332,0.0,1.18,-0.004345495557871758,0.011664192578651877,0.011664192578651877,0.0,1.0,2.690964659335575e-05
39,306.147640338703,0.0,1.18,0.0005629531596021157,0.013042271353514755,0.013042271353514755,0.0,1.0,2.7674652542472632e-05
40,306.5118019410118,0.0,1.18,0.005161480887924211,0.012839189037848156,0.012839189037848156,0.0,1.0,2.1861223946562872e-05
41,306.83689807688893,0.0,1.18,0.008784295234372012,0.011012155024029944,0.011012155024029944,0.0,1.0,1.2544079092250556e-05
42,307.07110787056007,0.0,1.18,0.010559087671956006,0.007839221486913277,0.007839221486913277,0.0,1.0,4.525005570571619e-06
43,307.1850081261177,0.0,1.18,0.008793701619290887,0.004059884539653376,0.004059884539653376,0.0,1.0,1.5350065916578e-05
44,307.1850081261177,0.0,1.18,0.0,0.0,0.0,0.0,1.0,4.260015315092144e-05
45,304.21885101931315,0.0,1.18,0.0,0.0,0.0,0.0,1.0,6.839445746339229e-05
46,304.21885101931315,0.0,1.18,-0.01166356644783147,0.0001894491742608245,0.0001894491742608245,0.0,1.0,2.591672936371985e-05
47,304.304146668451,0.0,1.18,-0.013818943603781312,0.0016386600958555781,0.0016386600958555781,0.0,1.0,7.729085210622336e-06
48,304.5184923396233,0.0,1.18,-0.010982225961180862,0.0033745154820575517,0.0033745154820575517,0.0,1.0,2.4358488918457115e-05
49,304.8418790397672,0.0,1.18,-0.005797908452126517,0.00497250640610923,0.00497250640610923,0.0,1.0,3.935300624467806e-05
50,305.2133371490764,0.0,1.18,0.00021355006532418322,0.006069961142889365,0.006069961142889365,0.0,1.0,4.391758093350603e-05
51,305.61976722091475,0.0,1.18,0.0060904872136411745,0.006381785226436583,0.006381785226436583,0.0,1.0,3.723494176130956e-05
52,305.98801578765864,0.0,1.18,0.010942751511463272,0.005712978114569098,0.005712978114569098,0.0,1.0,2.215610356518564e-05
53,306.2578097084947,0.0,1.18,0.013476562609809641,0.0041694081693457105,0.0041694081693457105,0.0,1.0,7.196386727393489e-06
54,306.3764056207936,0.0,1.18,0.011309550079228924,0.0022238599631528174,0.0022238599631528174,0.0,1.0,2.4419343610583445e-05
55,306.3764056207936,0.0,1.18,0.0,0.0,0.0,0.0,1.0,6.507862028828572e-05
56,303.33539660855604,0.0,1.18,0.0,0.0,0.0,0.0,1.0,7.262242505082675e-05
57,303.33539660855604,0.0,1.18,-0.011944741246998968,-0.0016559123733879753,-0.0016559123733879753,0.0,1.0,2.75749604271372e-05
58,303.4381063145695,0.0,1.18,-0.014335436255247979,-0.0022114816293534556,-0.0022114816293534556,0.0,1.0,6.992179127043185e-06
59,303.6811182000704,0.0,1.18,-0.011638436101079522,-0.0023609184342222333,-0.0023609184342222333,0.0,1.0,2.34101132296861e-05
60,304.03337514733096,0.0,1.18,-0.006421721337792052,-0.002055977840744183,-0.002055977840744183,0.0,1.0,4.007094052906451e-05
61,304.4238467332746,0.0,1.18,-0.00014724313601819587,-0.0014153945316134572,-0.0014153945316134572,0.0,1.0,4.6772390222439165e-05
62,304.8236940936859,0.0,1.18,0.006192555601258565,-0.0006629033404028168,-0.0006629033404028168,0.0,1.0,4.118947338703839e-05
63,305.1822861651771,0.0,1.18,0.011583847346356032,-6.0280883099717605e-05,-6.0280883099717605e-05,0.0,1.0,2.4777586183162885e-05
64,305.43621806081774,0.0,1.18,0.01448591904294154,0.00026186122082413605,0.00026186122082413605,0.0,1.0,7.446678729818169e-06
65,305.5427656333053,0.0,1.18,0.012173446140585275,0.00035075855991837166,0.00035075855991837166,0.0,1.0,2.7979946947692207e-05
66,305.5427656333053,0.0,1.18,0.0,0.0,0.0,0.0,1.0,7.420314655887309e-05
67,302.59234341313385,0.0,1.18,0.0,0.0,0.0,0.0,1.0,5.971409025886704e-05
68,302.59234341313385,0.0,1.18,-0.010606765053709269,-0.0033616511863278262,-0.0033616511863278262,0.0,1.0,2.2393590096891334e-05
69,302.70198436548725,0.0,1.18,-0.012863728592863968,-0.0058024489512556714,-0.0058024489512556714,0.0,1.0,5.524160697490628e-06
70,302.9436497820154,0.0,1.18,-0.01067205038215444,-0.007725659100170063,-0.007725659100170063,0.0,1.0,1.768530858328237e-05
71,303.2759729904258,0.0,1.18,-0.006152286139045974,-0.008681613460439906,-0.008681613460439906,0.0,1.0,3.132900898982387e-05
72,303.65900207398215,0.0,1.18,-0.00048268230114736037,-0.008526760140295879,-0.008526760140295879,0.0,1.0,3.830206054861769e-05
73,304.03048303254417,0.0,1.18,0.005444006153970697,-0.007421622403138187,-0.007421622403138187,0.0,1.0,3.5187755097668685e-05
74,304.3449967634552,0.0,1.18,0.010608566595136369,-0.005637343303442434,-0.005637343303442434,0.0,1.0,2.1915940168310126e-05
75,304.55590763192134,0.0,1.18,0.013460983282585236,-0.003516022545467166,-0.003516022545467166,0.0,1.0,6.713821165751419e-06
76,304.63977414734876,0.0,1.18,0.011359967307672874,-0.001483717598561912,-0.001483717598561912,0.0,1.0,2.4433294248290035e-05
77,304.63977414734876,0.0,1.18,0.0,0.0,0.0,0.0,1.0,6.533458381669094e-05
78,301.93168586791484,0.0,1.18,0.0,0.0,0.0,0.0,1.0,3.720228638816215e-05
79,301.93168586791484,0.0,1.18,-0.007849260967755014,-0.004866008667847302,-0.004866008667847302,0.0,1.0,1.3084073376058407e-05
80,302.02689192444126,0.0,1.18,-0.009709203774634249,-0.008821997286712851,-0.008821997286712851,0.0,1.0,2.615237323223065e-06
81,302.2274830131043,0.0,1.18,-0.008321098338143417,-0.012107498336853413,-0.012107498336853413,0.0,1.0,7.86110863769579e-06
82,302.51230708770066,0.0,1.18,-0.005069703898018079,-0.014078577650372215,-0.014078577650372215,0.0,1.0,1.5236638318435145e-05
83,302.8390576476404,0.0,1.18,-0.0007513027645829781,-0.014435622735299553,-0.014435622735299553,0.0,1.0,2.0433289074242217e-05
84,303.16049471099234,0.0,1.18,0.003959584810984084,-0.013176520677643038,-0.013176520677643038,0.0,1.0,2.0387786135136615e-05
85,303.4154116466837,0.0,1.18,0.008188834398346083,-0.01055118593713359,-0.01055118593713359,0.0,1.0,1.3665772061200172e-05
86,303.5769199399204,0.0,1.18,0.010586734200787333,-0.007010366114093353,-0.007010366114093353,0.0,1.0,4.739135715396644e-06
87,303.63299004936204,0.0,1.18,0.009009924350608368,-0.0033137863551720224,-0.0033137863551720224,0.0,1.0,1.5723149053873433e-05
88,303.63299004936204,0.0,1.18,0.0,0.0,0.0,0.0,1.0,4.365193257778054e-05
89,301.2963600502374,0.0,1.18,0.0,0.0,0.0,0.0,1.0,1.7633168400812858e-05
90,301.2963600502374,0.0,1.18,-0.004208166122088625,-0.005836425483017479,-0.005836425483017479,0.0,1.0,4.723933071411956e-06
91,301.36182524171716,0.0,1.18,-0.00560486205018847,-0.010323199910232225,-0.010323199910232225,0.0,1.0,1.3364886530458886e-07
92,301.50440023510566,0.0,1.18,-0.005093094512799371,-0.014094792956526072,-0.014094792956526072,0.0,1.0,7.500731611658655e-07
93,301.70668244835036,0.0,1.18,-0.003336344925052172,-0.016627666161037426,-0.016627666161037426,0.0,1.0,2.403713882797061e-06
94,301.9408251616429,0.0,1.18,-0.0007969494813665037,-0.01747958590779896,-0.01747958590779896,0.0,1.0,3.794782213962129e-06
95,302.171645727768,0.0,1.18,0.0021286790512621166,-0.016453614162061092,-0.016453614162061092,0.0,1.0,4.143083288311424e-06
96,302.35917256823416,0.0,1.18,0.004857419768689766,-0.01366533058549044,-0.01366533058549044,0.0,1.0,2.6227798195133166e-06
97,302.46853951747187,0.0,1.18,0.006417204457796621,-0.009593657273773067,-0.009593657273773067,0.0,1.0,5.37702011693879e-07
98,302.4971547861945,0.0,1.18,0.005435325298084991,-0.004976943362131069,-0.004976943362131069,0.0,1.0,6.0252644360882235e-06
99,302.4971547861945,0.0,1.18,0.0,0.0,0.0,0.0,1.0,2.1196648923053556e-05
100,300.6556743103775,0.0,1.18,0.0,0.0,0.0,0.0,1.0,7.597503649787936e-06
101,300.6556743103775,0.0,1.18,-0.0008738178250254275,-0.00532411422624365,-0.00532411422624365,0.0,1.0,5.888566362424457e-06
102,300.68733269090114,0.0,1.18,-0.0018670634292479375,-0.008393325244819201,-0.008393325244819201,0.0,1.0,1.3685817881055721e-05
103,300.7584378268636,0.0,1.18,-0.001884200738617401,-0.011235562372289586,-0.011235562372289586,0.0,1.0,2.528833014281694e-05
104,300.86086356949994,0.0,1.18,-0.0013491147909350273,-0.013403600300390556,-0.013403600300390556,0.0,1.0,3.538872767219336e-05
105,300.9799781605853,0.0,1.18,-0.0004714601447311607,-0.014423247476572695,-0.014423247476572695,0.0,1.0,3.9302956392118486e-05
106,301.0976923640072,0.0,1.18,0.000613845240361641,-0.013991234822523213,-0.013991234822523213,0.0,1.0,3.496305109362825e-05
107,301.19379846759455,0.0,1.18,0.0016745001809579188,-0.012064847922570645,-0.012064847922570645,0.0,1.0,2.4044409827634457e-05
108,301.2497385364677,0.0,1.18,0.0022476383247909096,-0.008974799159789965,-0.008974799159789965,0.0,1.0,1.1687415175547555e-05
109,301.2629419556652,0.0,1.18,0.0015772815784304863,-0.0053527236442091845,-0.0053527236442091845,0.0,1.0,4.5794931350107905e-06
110,301.2629419556652,0.0,1.18,0.0,0.0,0.0,0.0,1.0,8.534991677704626e-06
111,300.0,0.0,1.18,0.0,0.0,0.0,0.0,1.0,0.0
112,300.0,0.0,1.18,0.0,0.0,0.0,0.0,1.0,1.4644370542714073e-05
113,300.0,0.0,1.18,0.0,0.0,0.0,0.0,1.0,3.680001870158427e-05
114,300.0,0.0,1.18,0.0,0.0,0.0,0.0,1.0,6.525589058466153e-05
115,300.0,0.0,1.18,0.0,0.0,0.0,0.0,1.0,9.204560777628739e-05
116,300.0,0.0,1.18,0.0,0.0,0.0,0.0,1.0,0.00010610206071406767
117,300.0,0.0,1.18,0.0,0.0,0.0,0.0,1.0,9.988393163959353e-05
118,300.0,0.0,1.18,0.0,0.0,0.0,0.0,1.0,7.491561971221587e-05
119,300.0,0.0,1.18,0.0,0.0,0.0,0.0,1.0,4.234727156867683e-05
120,300.0,0.0,1.18,0.0,0.0,0.0,0.0,1.0,1.5239560155893088e-05
121,300.0,0.0,1.18,0.0,0.0,0.0,0.0,1.0,0.0
1,310.0,0.0,1.18,0.0,0.0,0.0,0.0,1.0,0.0
2,310.0,0.0,1.18,0.0,0.0,0.0,0.0,1.0,1.5319611183571303e-05
3,310.0,0.0,1.18,0.0,0.0,0.0,0.0,1.0,4.542894489996036e-05
4,310.0,0.0,1.18,0.0,0.0,0.0,0.0,1.0,8.276004343460258e-05
5,310.0,0.0,1.18,0.0,0.0,0.0,0.0,1.0,0.0001118722351213185
6,310.0,0.0,1.18,0.0,0.0,0.0,0.0,1.0,0.00011951613270125065
7,310.0,0.0,1.18,0.0,0.0,0.0,0.0,1.0,0.00010364910722185879
8,310.0,0.0,1.18,0.0,0.0,0.0,0.0,1.0,7.287658039721876e-05
9,310.0,0.0,1.18,0.0,0.0,0.0,0.0,1.0,4.011094277611494e-05
10,310.0,0.0,1.18,0.0,0.0,0.0,0.0,1.0,1.5024468059842651e-05
11,310.0,0.0,1.18,0.0,0.0,0.0,0.0,1.0,0.0
12,308.4752289539179,0.0,1.18,0.0,0.0,0.0,0.0,1.0,9.078472718411895e-06
13,308.4752289539179,0.0,1.18,-0.0019270910169292084,0.005403471938976041,0.005403471938976041,0.0,1.0,4.258284956248607e-06
14,308.49011856289127,0.0,1.18,-0.002574252389700317,0.009422076358685132,0.009422076358685132,0.0,1.0,1.1461900553902386e-05
15,308.55700903015247,0.0,1.18,-0.0018784536211463284,0.012884036684315724,0.012884036684315724,0.0,1.0,2.4830205268781825e-05
16,308.6729543546384,0.0,1.18,-0.0006822683673733635,0.015051352350946477,0.015051352350946477,0.0,1.0,3.6955047582752396e-05
17,308.81533300260287,0.0,1.18,0.0005238148244869645,0.015560645520662473,0.015560645520662473,0.0,1.0,4.2029476426589654e-05
18,308.9600155613892,0.0,1.18,0.0014996996815610905,0.014456220781306471,0.014456220781306471,0.0,1.0,3.797146832585826e-05
19,309.08530534002847,0.0,1.18,0.002112493044366158,0.012062198658378319,0.012062198658378319,0.0,1.0,2.6938770355283875e-05
20,309.1731045931172,0.0,1.18,0.0021477975454683045,0.008888322871486371,0.008888322871486371,0.0,1.0,1.420368311069944e-05
21,309.21258530072566,0.0,1.18,0.0011352214407129356,0.005460009256072241,0.005460009256072241,0.0,1.0,5.833495963598422e-06
22,309.21258530072566,0.0,1.18,0.0,0.0,0.0,0.0,1.0,8.00939089001671e-06
23,307.01965743877616,0.0,1.18,0.0,0.0,0.0,0.0,1.0,2.4339944799957913e-05
24,307.01965743877616,0.0,1.18,-0.006139488952295829,0.004726895841172187,0.004726895841172187,0.0,1.0,7.416559153271876e-06
25,307.0533227872611,0.0,1.18,-0.007154100000240334,0.009614013434067207,0.009614013434067207,0.0,1.0,1.1697244214921337e-06
26,307.1781759216375,0.0,1.18,-0.005386050778878867,0.014028066875132432,0.014028066875132432,0.0,1.0,3.7956224991509113e-06
27,307.3990385152179,0.0,1.18,-0.002375535207060016,0.017104006317956052,0.017104006317956052,0.0,1.0,5.400208788010516e-06
28,307.6730099529701,0.0,1.18,0.0008408352927780499,0.018294751074176756,0.018294751074176756,0.0,1.0,4.704012348479093e-06
29,307.9532555527357,0.0,1.18,0.0036465232249880326,0.017444762769577325,0.017444762769577325,0.0,1.0,2.8667574543981032e-06
30,308.1978486862017,0.0,1.18,0.005624607655337527,0.014743267448078327,0.014743267448078327,0.0,1.0,8.618215045210075e-07
31,308.37192334950487,0.0,1.18,0.006279625723918994,0.010670273133728835,0.010670273133728835,0.0,1.0,9.323402974186473e-08
32,308.45271208378057,0.0,1.18,0.004818855568875079,0.0058554935038731305,0.0058554935038731305,0.0,1.0,5.568030411795097e-06
33,308.45271208378057,0.0,1.18,0.0,0.0,0.0,0.0,1.0,2.001247993611971e-05
34,305.73591675428645,0.0,1.18,0.0,0.0,0.0,0.0,1.0,5.034415623302185e-05
35,305.73591675428645,0.0,1.18,-0.009839153803392054,0.0027712211357683973,0.0027712211357683973,0.0,1.0,1.8630868914155674e-05
36,305.79720197466264,0.0,1.18,-0.011532234607352185,0.006461017491884968,0.006461017491884968,0.0,1.0,6.3715034541843965e-06
37,305.98419414379714,0.0,1.18,-0.008936327212196307,0.010133000725012857,0.010133000725012857,0.0,1.0,1.7630591428357927e-05
38,306.2698635182795,0.0,1.18,-0.004378694578879423,0.01293406286004537,0.01293406286004537,0.0,1.0,2.609995250286169e-05
39,306.64044046929416,0.0,1.18,0.0007220414156768423,0.014358471632404878,0.014358471632404878,0.0,1.0,2.6424801149940567e-05
40,307.02234255409945,0.0,1.18,0.00543756360514737,0.014092633556268188,0.014092633556268188,0.0,1.0,2.0115109173342397e-05
41,307.3598295824109,0.0,1.18,0.009040974768920605,0.012109907965651307,0.012109907965651307,0.0,1.0,1.0808551766516173e-05
42,307.6001448378062,0.0,1.18,0.010652913567271775,0.00871639934772413,0.00871639934772413,0.0,1.0,3.7118997357942437e-06
43,307.7167600610709,0.0,1.18,0.008694670988339624,0.004653713891189626,0.004653713891189626,0.0,1.0,1.543407114807444e-05
44,307.7167600610709,0.0,1.18,0.0,0.0,0.0,0.0,1.0,4.295160699329076e-05
45,304.64944620038665,0.0,1.18,0.0,0.0,0.0,0.0,1.0,7.330209627422706e-05
46,304.64944620038665,0.0,1.18,-0.012072632679468932,0.0007448520131363737,0.0007448520131363737,0.0,1.0,2.782047045131107e-05
47,304.7440867479723,0.0,1.18,-0.01435451728347308,0.0025334686827386764,0.0025334686827386764,0.0,1.0,7.970427959564962e-06
48,304.9785162233493,0.0,1.18,-0.011392988599071625,0.00455061548911148,0.00455061548911148,0.0,1.0,2.56035490851809e-05
49,305.3302229977187,0.0,1.18,-0.005942473856498775,0.006353134886506301,0.006353134886506301,0.0,1.0,4.142303567738409e-05
50,305.73985668680336,0.0,1.18,0.0003711554549511901,0.007554900951167946,0.007554900951167946,0.0,1.0,4.568105259733138e-05
51,306.17464229350105,0.0,1.18,0.006476896958229054,0.007844730433853867,0.007844730433853867,0.0,1.0,3.78944275815061e-05
52,306.5615336228617,0.0,1.18,0.011407334848674693,0.007022447049587954,0.007022447049587954,0.0,1.0,2.1794754134512414e-05
53,306.8447755274238,0.0,1.18,0.013850506280022627,0.00521701428729615,0.00521701428729615,0.0,1.0,6.9243143755439214e-06
54,306.97180342668986,0.0,1.18,0.011476781036915257,0.0029194206030031954,0.0029194206030031954,0.0,1.0,2.561738350367131e-05
55,306.97180342668986,0.0,1.18,0.0,0.0,0.0,0.0,1.0,6.774187426870326e-05
56,303.73067560666937,0.0,1.18,0.0,0.0,0.0,0.0,1.0,8.029344566010399e-05
57,303.73067560666937,0.0,1.18,-0.012600614433565043,-0.001179427921471756,-0.001179427921471756,0.0,1.0,3.06337540506008e-05
58,303.8468296790174,0.0,1.18,-0.01512535805327307,-0.0014792024831589382,-0.0014792024831589382,0.0,1.0,7.918122794814326e-06
59,304.12010779711375,0.0,1.18,-0.012239665854982916,-0.0014145089534259411,-0.0014145089534259411,0.0,1.0,2.6463532488329113e-05
60,304.51142250449846,0.0,1.18,-0.0066778313834057225,-0.0009285098368305289,-0.0009285098368305289,0.0,1.0,4.499039427081673e-05
61,304.94499175389313,0.0,1.18,-2.1525766867545138e-05,-0.0001601062478432902,-0.0001601062478432902,0.0,1.0,5.1957617171958326e-05
62,305.3799291524119,0.0,1.18,0.006644692979316092,0.0006224293870091014,0.0006224293870091014,0.0,1.0,4.504955315708295e-05
63,305.7715920052949,0.0,1.18,0.012232206318611442,0.001144902520975827,0.001144902520975827,0.0,1.0,2.6543799578714498e-05
64,306.0460403122384,0.0,1.18,0.015147638806260497,0.0012671001580516952,0.0012671001580516952,0.0,1.0,7.934186696369719e-06
65,306.1625283900486,0.0,1.18,0.012633659059974501,0.0010435181444703688,0.0010435181444703688,0.0,1.0,3.0486504483090226e-05
66,306.1625283900486,0.0,1.18,0.0,0.0,0.0,0.0,1.0,7.999673055691737e-05
67,302.9325110367391,0.0,1.18,0.0,0.0,0.0,0.0,1.0,6.778836150672508e-05
68,302.9325110367391,0.0,1.18,-0.011387715670528325,-0.00303340089661122,-0.00303340089661122,0.0,1.0,2.5644298467747876e-05
69,303.05852505385144,0.0,1.18,-0.013772282876093563,-0.005387284254485732,-0.005387284254485732,0.0,1.0,6.778993416679573e-06
70,303.33820591322115,0.0,1.18,-0.011374051470387203,-0.00723852185495731,-0.00723852185495731,0.0,1.0,2.139603166230242e-05
71,303.7204566818086,0.0,1.18,-0.006488477901343884,-0.008097021853650984,-0.008097021853650984,0.0,1.0,3.737083641332764e-05
72,304.1522666238676,0.0,1.18,-0.0004103819449197373,-0.007828116449422856,-0.007828116449422856,0.0,1.0,4.5154155405801504e-05
73,304.5620050461689,0.0,1.18,0.005893833457449252,-0.006626651969442892,-0.006626651969442892,0.0,1.0,4.099282834849276e-05
74,304.912339250397,0.0,1.18,0.011345764734448536,-0.004802175681475203,-0.004802175681475203,0.0,1.0,2.531605738884498e-05
75,305.14599107540243,0.0,1.18,0.014313993203354754,-0.0027382486692514034,-0.0027382486692514034,0.0,1.0,7.835661887585571e-06
76,305.2404178971397,0.0,1.18,0.012041116263536211,-0.0008803903647252171,-0.0008803903647252171,0.0,1.0,2.759423315186388e-05
77,305.2404178971397,0.0,1.18,0.0,0.0,0.0,0.0,1.0,7.283460304234501e-05
78,302.20422849372284,0.0,1.18,0.0,0.0,0.0,0.0,1.0,4.2906335396879315e-05
79,302.20422849372284,0.0,1.18,-0.008580027051527854,-0.0047267843490735135,-0.0047267843490735135,0.0,1.0,1.5387925268608453e-05
80,302.3184265310395,0.0,1.18,-0.010547930122733697,-0.008804939881474926,-0.008804939881474926,0.0,1.0,3.536486029198711e-06
81,302.5545932453284,0.0,1.18,-0.008983719917991016,-0.012210629393255427,-0.012210629393255427,0.0,1.0,1.0370556104038289e-05
82,302.8868708813683,0.0,1.18,-0.005428447038227548,-0.014212317261595069,-0.014212317261595069,0.0,1.0,1.951078061766091e-05
83,303.26394410389923,0.0,1.18,-0.0007494093924644457,-0.014499693418089621,-0.014499693418089621,0.0,1.0,2.5761949948361102e-05
84,303.630880302259,0.0,1.18,0.0043271523498563755,-0.01309242712324793,-0.01309242712324793,0.0,1.0,2.5483426808819786e-05
85,303.91537728999543,0.0,1.18,0.008867968239396102,-0.01029481474734836,-0.01029481474734836,0.0,1.0,1.7157947707048155e-05
86,304.1004577298942,0.0,1.18,0.011449481397447015,-0.0066088924810701125,-0.0066088924810701125,0.0,1.0,6.132105268083505e-06
87,304.16177487580717,0.0,1.18,0.009760195911570969,-0.002882041854472718,-0.002882041854472718,0.0,1.0,1.8422904023014956e-05
88,304.16177487580717,0.0,1.18,0.0,0.0,0.0,0.0,1.0,4.9984130027331656e-05
89,301.48980863402323,0.0,1.18,0.0,0.0,0.0,0.0,1.0,2.006443742523387e-05
90,301.48980863402323,0.0,1.18,-0.004720420085447319,-0.005877696259040054,-0.005877696259040054,0.0,1.0,5.559175631422505e-06
91,301.5688230054499,0.0,1.18,-0.006189505697163371,-0.010659551182968746,-0.010659551182968746,0.0,1.0,1.0112815036032876e-07
92,301.7391787996795,0.0,1.18,-0.005570408986431957,-0.01470721058136518,-0.01470721058136518,0.0,1.0,8.41568761569095e-07
93,301.9789767591818,0.0,1.18,-0.0036277938664521863,-0.017403136877657606,-0.017403136877657606,0.0,1.0,2.8297947921795627e-06
94,302.25428556664525,0.0,1.18,-0.0008517384970804059,-0.018265887557751985,-0.018265887557751985,0.0,1.0,4.63060537509435e-06
95,302.52389307022014,0.0,1.18,0.0023394950374330415,-0.017099412526135116,-0.017099412526135116,0.0,1.0,5.271330092248611e-06
96,302.74161219442635,0.0,1.18,0.00532616273942305,-0.014051903866764578,-0.014051903866764578,0.0,1.0,3.6283509688936154e-06
97,302.86547943360756,0.0,1.18,0.007070466453655907,-0.00966391650263408,-0.00966391650263408,0.0,1.0,1.0425298172236635e-06
98,302.89883702340023,0.0,1.18,0.006051407362819566,-0.004789931933262848,-0.004789931933262848,0.0,1.0,7.315192967912116e-06
99,302.89883702340023,0.0,1.18,0.0,0.0,0.0,0.0,1.0,2.4280381932217814e-05
100,300.75682716507947,0.0,1.18,0.0,0.0,0.0,0.0,1.0,8.137554900431902e-06
101,300.75682716507947,0.0,1.18,-0.0010869065725827996,-0.005444705387832564,-0.005444705387832564,0.0,1.0,6.022729649193526e-06
102,300.79537035484327,0.0,1.18,-0.0021057685183563956,-0.008818464603697498,-0.008818464603697498,0.0,1.0,1.4575424599535477e-05
103,300.88109792499984,0.0,1.18,-0.0020859332492500706,-0.01195048807238964,-0.01195048807238964,0.0,1.0,2.7533676902154878e-05
104,301.0036233806713,0.0,1.18,-0.0014873365043717945,-0.0143237450677289,-0.0143237450677289,0.0,1.0,3.8780388562173896e-05
105,301.14531350483446,0.0,1.18,-0.0005237177549656559,-0.01542701804970682,-0.01542701804970682,0.0,1.0,4.295242130047846e-05
106,301.2848816637441,0.0,1.18,0.0006702413326721119,-0.014933510964809174,-0.014933510964809174,0.0,1.0,3.782500856898149e-05
107,301.3986275915639,0.0,1.18,0.0018523095487138503,-0.012797017613791855,-0.012797017613791855,0.0,1.0,2.5489852367436174e-05
108,301.4644207078385,0.0,1.18,0.002531678202908897,-0.009378998194294068,-0.009378998194294068,0.0,1.0,1.1850473552096345e-05
109,301.4793353984388,0.0,1.18,0.0018759268393117358,-0.005408038873296631,-0.005408038873296631,0.0,1.0,4.424471337851359e-06
110,301.4793353984388,0.0,1.18,0.0,0.0,0.0,0.0,1.0,9.202962201324335e-06
111,300.0,0.0,1.18,0.0,0.0,0.0,0.0,1.0,0.0
112,300.0,0.0,1.18,0.0,0.0,0.0,0.0,1.0,1.5412848331687776e-05
113,300.0,0.0,1.18,0.0,0.0,0.0,0.0,1.0,4.077185294385087e-05
114,300.0,0.0,1.18,0.0,0.0,0.0,0.0,1.0,7.390996166978733e-05
115,300.0,0.0,1.18,0.0,0.0,0.0,0.0,1.0,0.00010515113024714334
116,300.0,0.0,1.18,0.0,0.0,0.0,0.0,1.0,0.00012138916207894881
117,300.0,0.0,1.18,0.0,0.0,0.0,0.0,1.0,0.00011379594809687436
118,300.0,0.0,1.18,0.0,0.0,0.0,0.0,1.0,8.435466941687835e-05
119,300.0,0.0,1.18,0.0,0.0,0.0,0.0,1.0,4.647497436590421e-05
120,300.0,0.0,1.18,0.0,0.0,0.0,0.0,1.0,1.5805840411789407e-05
121,300.0,0.0,1.18,0.0,0.0,0.0,0.0,1.0,0.0
1,310.0,0.0,1.18,0.0,0.0,0.0,0.0,1.0,0.0
2,310.0,0.0,1.18,0.0,0.0,0.0,0.0,1.0,1.5320840721119843e-05
3,310.0,0.0,1.18,0.0,0.0,0.0,0.0,1.0,4.529653370121369e-05
4,310.0,0.0,1.18,0.0,0.0,0.0,0.0,1.0,8.241515149815605e-05
5,310.0,0.0,1.18,0.0,0.0,0.0,0.0,1.0,0.00011131702690306686
6,310.0,0.0,1.18,0.0,0.0,0.0,0.0,1.0,0.00011882848222392969
7,310.0,0.0,1.18,0.0,0.0,0.0,0.0,1.0,0.00010296554398001223
8,310.0,0.0,1.18,0.0,0.0,0.0,0.0,1.0,7.235221191058923e-05
9,310.0,0.0,1.18,0.0,0.0,0.0,0.0,1.0,3.984377666569257e-05
10,310.0,0.0,1.18,0.0,0.0,0.0,0.0,1.0,1.498332011304316e-05
11,310.0,0.0,1.18,0.0,0.0,0.0,0.0,1.0,0.0
12,308.4936421416608,0.0,1.18,0.0,0.0,0.0,0.0,1.0,9.051269828782145e-06
13,308.4936421416608,0.0,1.18,-0.0019079593871745928,0.0054070959645888105,0.0054070959645888105,0.0,1.0,4.28836570962298e-06
14,308.50864451716535,0.0,1.18,-0.002559209056162735,0.009409873785353615,0.009409873785353615,0.0,1.0,1.1526368565437953e-05
15,308.57543615426755,0.0,1.18,-0.0018688859347104926,0.012857573577855805,0.012857573577855805,0.0,1.0,2.4903769101707202e-05
16,308.69107676251093,0.0,1.18,-0.0006762454646584118,0.01501405466147547,0.01501405466147547,0.0,1.0,3.701641943614058e-05
17,308.833042085863,0.0,1.18,0.0005268831053503126,0.015515738538250813,0.015515738538250813,0.0,1.0,4.205812629509383e-05
18,308.97725138364603,0.0,1.18,0.0014985036072078031,0.014408277580142565,0.014408277580142565,0.0,1.0,3.7968682502748124e-05
19,309.102048309978,0.0,1.18,0.0021044770031024467,0.01201876000317325,0.01201876000317325,0.0,1.0,2.693219674271257e-05
20,309.18944624817414,0.0,1.18,0.00213074096366241,0.008859864574346017,0.008859864574346017,0.0,1.0,1.4221010987963596e-05
21,309.22881140612697,0.0,1.18,0.0011125192419120752,0.005454704803672045,0.005454704803672045,0.0,1.0,5.854691063599349e-06
22,309.22881140612697,0.0,1.18,0.0,0.0,0.0,0.0,1.0,7.969418302638636e-06
23,307.05215400381525,0.0,1.18,0.0,0.0,0.0,0.0,1.0,2.421683003938445e-05
24,307.05215400381525,0.0,1.18,-0.006109037631426029,0.004754521134989458,0.004754521134989458,0.0,1.0,7.347226639928734e-06
25,307.08594928589997,0.0,1.18,-0.007127368073576548,0.00964141867261296,0.00964141867261296,0.0,1.0,1.1105996873190371e-06
26,307.2111246316573,0.0,1.18,-0.005366687057366023,0.014050900343177684,0.014050900343177684,0.0,1.0,3.710444305169542e-06
27,307.43186053276327,0.0,1.18,-0.0023606617320272153,0.017119939487128907,0.017119939487128907,0.0,1.0,5.323190201345427e-06
28,307.70548527062334,0.0,1.18,0.0008509050000351804,0.018302469973900837,0.018302469973900837,0.0,1.0,4.647048937706081e-06
29,307.985191404391,0.0,1.18,0.003647547839899427,0.017445603347657632,0.017445603347657632,0.0,1.0,2.8282949739225747e-06
30,308.22911893408417,0.0,1.18,0.00561014415609609,0.014742543699534193,0.014742543699534193,0.0,1.0,8.416436840790419e-07
31,308.4025473211204,0.0,1.18,0.0062454801500436774,0.01067582745923321,0.01067582745923321,0.0,1.0,9.648907163928637e-08
32,308.4830812746957,0.0,1.18,0.00477549024529315,0.005871363817391709,0.005871363817391709,0.0,1.0,5.5166254439447e-06
33,308.4830812746957,0.0,1.18,0.0,0.0,0.0,0.0,1.0,1.985038142683798e-05
34,305.77599886064337,0.0,1.18,0.0,0.0,0.0,0.0,1.0,5.0180388175255574e-05
35,305.77599886064337,0.0,1.18,-0.009816616214693912,0.0028172935968541453,0.0028172935968541453,0.0,1.0,1.8545051986081207e-05
36,305.8377430087806,0.0,1.18,-0.011511834830165242,0.006527104516972029,0.006527104516972029,0.0,1.0,6.264966520834075e-06
37,306.0250747314546,0.0,1.18,-0.008919166252740019,0.010211465870991844,0.010211465870991844,0.0,1.0,1.7414820742365282e-05
38,306.3119054489378,0.0,1.18,-0.0043610480847087445,0.01301758993769873,0.01301758993769873,0.0,1.0,2.579892360014188e-05
39,306.6830221310156,0.0,1.18,0.0007385732225047611,0.014439524304637777,0.014439524304637777,0.0,1.0,2.6065244314258235e-05
40,307.0650471960082,0.0,1.18,0.005445508319892366,0.014166205004201786,0.014166205004201786,0.0,1.0,1.975567256893682e-05
41,307.4022080159619,0.0,1.18,0.00903029611686083,0.012173564899813331,0.012173564899813331,0.0,1.0,1.0536311606965112e-05
42,307.6421597938183,0.0,1.18,0.010618040211862877,0.00877036501427524,0.00877036501427524,0.0,1.0,3.6014006534896144e-06
43,307.7584036299105,0.0,1.18,0.008648625806715033,0.00469501532714617,0.00469501532714617,0.0,1.0,1.5318209658188974e-05
44,307.7584036299105,0.0,1.18,0.0,0.0,0.0,0.0,1.0,4.264490796009022e-05
45,304.691874265771,0.0,1.18,0.0,0.0,0.0,0.0,1.0,7.331446308420557e-05
46,304.691874265771,0.0,1.18,-0.012072740909661872,0.000799706549838154,0.000799706549838154,0.0,1.0,2.781459668649492e-05
47,304.7871330633515,0.0,1.18,-0.014356279303574256,0.0026201888368851964,0.0026201888368851964,0.0,1.0,7.930669251070422e-06
48,305.02274027505945,0.0,1.18,-0.01138966870603469,0.004661941447125441,0.004661941447125441,0.0,1.0,2.553120964123574e-05
49,305.37596039897284,0.0,1.18,-0.005930313692847242,0.006479904142878032,0.006479904142878032,0.0,1.0,4.129451787766953e-05
50,305.7880372850315,0.0,1.18,0.0003903548666264253,0.007687361676333134,0.007687361676333134,0.0,1.0,4.5462251524370355e-05
51,306.2240389068663,0.0,1.18,0.006494204763547339,0.007972015866267876,0.007972015866267876,0.0,1.0,3.761212971867197e-05
52,306.6111870966938,0.0,1.18,0.011410555179844524,0.007134673731026782,0.007134673731026782,0.0,1.0,2.1546413239202192e-05
53,306.8945764577109,0.0,1.18,0.013832879751750252,0.005306668998221365,0.005306668998221365,0.0,1.0,6.8283363115401415e-06
54,307.0220636758734,0.0,1.18,0.011447275316770218,0.0029794602471767454,0.0029794602471767454,0.0,1.0,2.5534931841569324e-05
55,307.0220636758734,0.0,1.18,0.0,0.0,0.0,0.0,1.0,6.748207922217557e-05
56,303.77131333333244,0.0,1.18,0.0,0.0,0.0,0.0,1.0,8.060636239713507e-05
57,303.77131333333244,0.0,1.18,-0.012628542968677757,-0.0011258916633598319,-0.0011258916633598319,0.0,1.0,3.075125787445118e-05
58,303.888472765151,0.0,1.18,-0.015155192025060969,-0.0013933179361064786,-0.0013933179361064786,0.0,1.0,7.963983164431494e-06
59,304.16401514676807,0.0,1.18,-0.012255797389443742,-0.0013019838250295916,-0.0013019838250295916,0.0,1.0,2.661409418071068e-05
60,304.5578952991185,0.0,1.18,-0.006675381498190555,-0.000796021934475675,-0.000796021934475675,0.0,1.0,4.518661840740277e-05
61,304.9944970675905,0.0,1.18,-3.300657083866798e-06,-1.617040072180157e-05,-1.617040072180157e-05,0.0,1.0,5.209972227435878e-05
62,305.43137670107797,0.0,1.18,0.006670207420370012,0.0007651417979276286,0.0007651417979276286,0.0,1.0,4.508354442760866e-05
63,305.82535476179083,0.0,1.18,0.012254429629434085,0.0012747284956404735,0.0012747284956404735,0.0,1.0,2.650012382003459e-05
64,306.1010697901843,0.0,1.18,0.015158072516534539,0.0013719332977903717,0.0013719332977903717,0.0,1.0,7.91550463125485e-06
65,306.21831147106275,0.0,1.18,0.012632794745635398,0.0011123910804937448,0.0011123910804937448,0.0,1.0,3.051792397777884e-05
66,306.21831147106275,0.0,1.18,0.0,0.0,0.0,0.0,1.0,8.000832860650875e-05
67,302.96865378191495,0.0,1.18,0.0,0.0,0.0,0.0,1.0,6.828706008594061e-05
68,302.96865378191495,0.0,1.18,-0.011437354287531006,-0.002990571215109539,-0.002990571215109539,0.0,1.0,2.584153535139304e-05
69,303.0960388390401,0.0,1.18,-0.01382411675249069,-0.005323342104043345,-0.005323342104043345,0.0,1.0,6.889273108443822e-06
70,303.3790417874195,0.0,1.18,-0.011407313331575342,-0.007155830889459689,-0.007155830889459689,0.0,1.0,2.170530374714526e-05
71,303.76562087374276,0.0,1.18,-0.00649664182609578,-0.007996842874536966,-0.007996842874536966,0.0,1.0,3.782371224630025e-05
72,304.2012771107573,0.0,1.18,-0.00039613118004029206,-0.007714553133759803,-0.007714553133759803,0.0,1.0,4.561704520686944e-05
73,304.61350907681543,0.0,1.18,0.00592379137909454,-0.0065074915167067805,-0.0065074915167067805,0.0,1.0,4.134504331848382e-05
74,304.9666621657805,0.0,1.18,0.011384145959230972,-0.004687655711087338,-0.004687655711087338,0.0,1.0,2.550967505863768e-05
75,305.20222195814256,0.0,1.18,0.014352514457234504,-0.00264114737796382,-0.00264114737796382,0.0,1.0,7.907499690618999e-06
76,305.2975122077376,0.0,1.18,0.012070250790632814,-0.0008132918313594588,-0.0008132918313594588,0.0,1.0,2.7743073580756568e-05
77,305.2975122077376,0.0,1.18,0.0,0.0,0.0,0.0,1.0,7.314439838777659e-05
78,302.23398038865923,0.0,1.18,0.0,0.0,0.0,0.0,1.0,4.33334020460821e-05
79,302.23398038865923,0.0,1.18,-0.008636323377102992,-0.004701998230309726,-0.004701998230309726,0.0,1.0,1.5562816607373323e-05
80,302.3500163234724,0.0,1.18,-0.010606565887572807,-0.008778604803051778,-0.008778604803051778,0.0,1.0,3.6403258312007154e-06
81,302.5895889811885,0.0,1.18,-0.009024358633607319,-0.0121826391356943,-0.0121826391356943,0.0,1.0,1.0640233049769466e-05
82,302.92623749081383,0.0,1.18,-0.0054451190332083866,-0.01417697955881269,-0.01417697955881269,0.0,1.0,1.993378358450047e-05
83,303.3077718624376,0.0,1.18,-0.0007422275295156968,-0.014452696175685913,-0.014452696175685913,0.0,1.0,2.625624061934006e-05
84,303.67853658121487,0.0,1.18,0.004355019073845857,-0.013032991819715933,-0.013032991819715933,0.0,1.0,2.593656701427601e-05
85,303.96537290958463,0.0,1.18,0.008911918393393118,-0.010227594365414048,-0.010227594365414048,0.0,1.0,1.747256743789523e-05
86,304.1525418854156,0.0,1.18,0.011503750821314801,-0.006541967631376835,-0.006541967631376835,0.0,1.0,6.270488332450756e-06
87,304.2143330483617,0.0,1.18,0.00980911373796486,-0.0028281661312095467,-0.0028281661312095467,0.0,1.0,1.8609829560183988e-05
88,304.2143330483617,0.0,1.18,0.0,0.0,0.0,0.0,1.0,5.0379395994713135e-05
89,301.5113987684734,0.0,1.18,0.0,0.0,0.0,0.0,1.0,2.026521238451858e-05
90,301.5113987684734,0.0,1.18,-0.004765136017595278,-0.005873360171257682,-0.005873360171257682,0.0,1.0,5.629662651427934e-06
91,301.5918142804245,0.0,1.18,-0.006235902120137533,-0.010674269215514235,-0.010674269215514235,0.0,1.0,9.938462637477741e-08
92,301.76496841498124,0.0,1.18,-0.005604529355395194,-0.014738079389899423,-0.014738079389899423,0.0,1.0,8.553880290309355e-07
93,302.0084732757311,0.0,1.18,-0.0036458076079011496,-0.0174403789191538,-0.0174403789191538,0.0,1.0,2.874518162175932e-06
94,302.2877080903918,0.0,1.18,-0.0008522214471017008,-0.01829853127351467,-0.01829853127351467,0.0,1.0,4.714763117274918e-06
95,302.5609040264863,0.0,1.18,0.0023569100063497053,-0.017118626498351358,-0.017118626498351358,0.0,1.0,5.387772311151997e-06
96,302.7813355032148,0.0,1.18,0.0053607270664624875,-0.01405263318546321,-0.01405263318546321,0.0,1.0,3.742748024430375e-06
97,302.90647088560814,0.0,1.18,0.007119280200362924,-0.009645842246697836,-0.009645842246697836,0.0,1.0,1.1113090512660295e-06
98,302.9402164855198,0.0,1.18,0.006100546038374051,-0.004760380936477068,-0.004760380936477068,0.0,1.0,7.426950936236421e-06
99,302.9402164855198,0.0,1.18,0.0,0.0,0.0,0.0,1.0,2.450727012304528e-05
100,300.7682594777767,0.0,1.18,0.0,0.0,0.0,0.0,1.0,8.183315088151079e-06
101,300.7682594777767,0.0,1.18,-0.0011075411694671416,-0.005453023593232105,-0.005453023593232105,0.0,1.0,6.021627279644935e-06
102,300.8075644763395,0.0,1.18,-0.002126367768188176,-0.008852650642211522,-0.008852650642211522,0.0,1.0,1.4613612390429494e-05
103,300.8948295375584,0.0,1.18,-0.002101776309915319,-0.012007306178199357,-0.012007306178199357,0.0,1.0,2.764957162885069e-05
104,301.0194078717358,0.0,1.18,-0.0014973239782136265,-0.014394733149374169,-0.014394733149374169,0.0,1.0,3.8948200697015925e-05
105,301.16334502728347,0.0,1.18,-0.000526914911033833,-0.015502089171679648,-0.015502089171679648,0.0,1.0,4.310961392535937e-05
106,301.3050341062576,0.0,1.18,0.0006750754311170875,-0.015001986961966814,-0.015001986961966814,0.0,1.0,3.791658044540342e-05
107,301.4204484966878,0.0,1.18,0.0018663807416406896,-0.01284857664297199,-0.01284857664297199,0.0,1.0,2.5499657818042538e-05
108,301.48712439869325,0.0,1.18,0.0025551087566790575,-0.009405247368289602,-0.009405247368289602,0.0,1.0,1.1805566194943548e-05
109,301.50212625950473,0.0,1.18,0.0019030370217197308,-0.005407244370248557,-0.005407244370248557,0.0,1.0,4.3938380876213605e-06
110,301.50212625950473,0.0,1.18,0.0,0.0,0.0,0.0,1.0,9.25205123302206e-06
111,300.0,0.0,1.18,0.0,0.0,0.0,0.0,1.0,0.0
112,300.0,0.0,1.18,0.0,0.0,0.0,0.0,1.0,1.5470599205375885e-05
113,300.0,0.0,1.18,0.0,0.0,0.0,0.0,1.0,4.110202186687925e-05
114,300.0,0.0,1.18,0.0,0.0,0.0,0.0,1.0,7.462077588556088e-05
115,300.0,0.0,1.18,0.0,0.0,0.0,0.0,1.0,0.00010619796027499726
116,300.0,0.0,1.18,0.0,0.0,0.0,0.0,1.0,0.00012257362119650196
117,300.0,0.0,1.18,0.0,0.0,0.0,0.0,1.0,0.0001148425438809001
118,300.0,0.0,1.18,0.0,0.0,0.0,0.0,1.0,8.504204261975278e-05
119,300.0,0.0,1.18,0.0,0.0,0.0,0.0,1.0,4.675670039092811e-05
120,300.0,0.0,1.18,0.0,0.0,0.0,0.0,1.0,1.5827572206635535e-05
121,300.0,0.0,1.18,0.0,0.0,0.0,0.0,1.0,0.0
1,310.0,0.0,1.18,0.0,0.0,0.0,0.0,1.0,0.0
2,310.0,0.0,1.18,0.0,0.0,0.0,0.0,1.0,1.5319241694895465e-05
3,310.0,0.0,1.18,0.0,0.0,0.0,0.0,1.0,4.5276160991276765e-05
4,310.0,0.0,1.18,0.0,0.0,0.0,0.0,1.0,8.236591515429611e-05
5,310.0,0.0,1.18,0.0,0.0,0.0,0.0,1.0,0.00011124103459243539
6,310.0,0.0,1.18,0.0,0.0,0.0,0.0,1.0,0.00011873906236739702
7,310.0,0.0,1.18,0.0,0.0,0.0,0.0,1.0,0.00010288144430919385
8,310.0,0.0,1.18,0.0,0.0,0.0,0.0,1.0,7.229075279931083e-05
9,310.0,0.0,1.18,0.0,0.0,0.0,0.0,1.0,3.9813381677670426e-05
10,310.0,0.0,1.18,0.0,0.0,0.0,0.0,1.0,1.4978202132007444e-05
11,310.0,0.0,1.18,0.0,0.0,0.0,0.0,1.0,0.0
12,308.4954596469954,0.0,1.18,0.0,0.0,0.0,0.0,1.0,9.047398629530825e-06
13,308.4954596469954,0.0,1.18,-0.001905833436877885,0.0054071711046399466,0.0054071711046399466,0.0,1.0,4.290999843090169e-06
14,308.5104601886034,0.0,1.18,-0.0025574452600749128,0.009407918980830522,0.009407918980830522,0.0,1.0,1.1531435733550214e-05
15,308.5771925221124,0.0,1.18,-0.0018678035547523343,0.012853770407492996,0.012853770407492996,0.0,1.0,2.4906507695315477e-05
16,308.69272898645085,0.0,1.18,-0.0006757138630948937,0.015008935768070388,0.015008935768070388,0.0,1.0,3.7013956922927914e-05
17,308.83458284461733,0.0,1.18,0.0005269846089427314,0.015509894458520808,0.015509894458520808,0.0,1.0,4.205004323612478e-05
18,308.978706566137,0.0,1.18,0.0014981387824244403,0.014402379358989397,0.014402379358989397,0.0,1.0,3.795820240896876e-05
19,309.10346861896977,0.0,1.18,0.0021034381072950487,0.012013666974835965,0.012013666974835965,0.0,1.0,2.6924572795273115e-05
20,309.19087912821516,0.0,1.18,0.0021288417866628627,0.00885661512744291,0.00885661512744291,0.0,1.0,1.4219558764641382e-05
21,309.2302584895614,0.0,1.18,0.0011102117052753998,0.005453988848912838,0.005453988848912838,0.0,1.0,5.855952523535489e-06
22,309.2302584895614,0.0,1.18,0.0,0.0,0.0,0.0,1.0,7.96491324850742e-06
23,307.05548114601817,0.0,1.18,0.0,0.0,0.0,0.0,1.0,2.4200569144667934e-05
24,307.05548114601817,0.0,1.18,-0.006105388852605362,0.004757137981863395,0.004757137981863395,0.0,1.0,7.3386185824524835e-06
25,307.0892557021027,0.0,1.18,-0.007123902186632649,0.009643578392574095,0.009643578392574095,0.0,1.0,1.1042247133561485e-06
26,307.21434723518973,0.0,1.18,-0.005364140828589996,0.014051897864005304,0.014051897864005304,0.0,1.0,3.7009940246364116e-06
27,307.4349219773749,0.0,1.18,-0.0023590048906701813,0.01711954608183487,0.01711954608183487,0.0,1.0,5.314449948869103e-06
28,307.7083604314806,0.0,1.18,0.0008516463280812361,0.018300839199493647,0.018300839199493647,0.0,1.0,4.640785655014524e-06
29,307.98791403795104,0.0,1.18,0.003647090857053524,0.01744331898278717,0.01744331898278717,0.0,1.0,2.824206441110457e-06
30,308.23176331945086,0.0,1.18,0.005607959149754307,0.014740551724737292,0.014740551724737292,0.0,1.0,8.396043151668204e-07
31,308.4052180052124,0.0,1.18,0.006241305337709833,0.01067518741714608,0.01067518741714608,0.0,1.0,9.687929527647509e-08
32,308.4858016124673,0.0,1.18,0.004770724296237975,0.0058724128157452,0.0058724128157452,0.0,1.0,5.510413725169745e-06
33,308.4858016124673,0.0,1.18,0.0,0.0,0.0,0.0,1.0,1.9830705465749513e-05
34,305.7802625404029,0.0,1.18,0.0,0.0,0.0,0.0,1.0,5.015557800376404e-05
35,305.7802625404029,0.0,1.18,-0.009813466041456127,0.0028221271247529348,0.0028221271247529348,0.0,1.0,1.8532085872781215e-05
36,305.84200518187737,0.0,1.18,-0.011508470226451155,0.006533742337039806,0.006533742337039806,0.0,1.0,6.252591937142595e-06
37,306.02924467713325,0.0,1.18,-0.00891613355850792,0.010218668546009278,0.010218668546009278,0.0,1.0,1.7389354206049825e-05
38,306.3159596997545,0.0,1.18,-0.004358463727680823,0.01302429934845068,0.01302429934845068,0.0,1.0,2.576292239377832e-05
39,306.68689923022765,0.0,1.18,0.0007403106632225521,0.01444513628788324,0.01444513628788324,0.0,1.0,2.6024146558154823e-05
40,307.06876221573384,0.0,1.18,0.0054456432928800345,0.014170741010464172,0.014170741010464172,0.0,1.0,1.9716739960972252e-05
41,307.4058462452365,0.0,1.18,0.009027954657123909,0.012177469354573133,0.012177469354573133,0.0,1.0,1.0508306094563392e-05
42,307.64581371576855,0.0,1.18,0.010612993416970185,0.008774100122278727,0.008774100122278727,0.0,1.0,3.590723273901389e-06
43,307.7621362143266,0.0,1.18,0.008642951797299736,0.004698366165281674,0.004698366165281674,0.0,1.0,1.5302638189754298e-05
44,307.7621362143266,0.0,1.18,0.0,0.0,0.0,0.0,1.0,4.2603458490000094e-05
45,304.6965541849834,0.0,1.18,0.0,0.0,0.0,0.0,1.0,7.330422117735684e-05
46,304.6965541849834,0.0,1.18,-0.012071790625666691,0.0008056635262412163,0.0008056635262412163,0.0,1.0,2.7807899110856622e-05
47,304.79181926598386,0.0,1.18,-0.014354856968733034,0.0026293406090176744,0.0026293406090176744,0.0,1.0,7.925504802436634e-06
48,305.0273979040042,0.0,1.18,-0.01138748979536177,0.004673097447929557,0.004673097447929557,0.0,1.0,2.5520414729319625e-05
49,305.38055352425755,0.0,1.18,-0.005927577522622714,0.006491752403093099,0.006491752403093099,0.0,1.0,4.127237098297342e-05
50,305.79256401718175,0.0,1.18,0.0003929142915601158,0.007698869068053716,0.007698869068053716,0.0,1.0,4.542692010630008e-05
51,306.22848259776697,0.0,1.18,0.0064954093554114795,0.007982571874023379,0.007982571874023379,0.0,1.0,3.757098734561326e-05
52,306.6155568997695,0.0,1.18,0.01140924644483847,0.007143903970619988,0.007143903970619988,0.0,1.0,2.1514119027371097e-05
53,306.8989894717017,0.0,1.18,0.01382889030952296,0.00531423853473732,0.00531423853473732,0.0,1.0,6.816934743796789e-06
54,307.02658290973807,0.0,1.18,0.011442609550277705,0.002984720387094083,0.002984720387094083,0.0,1.0,2.551875147263525e-05
55,307.02658290973807,0.0,1.18,0.0,0.0,0.0,0.0,1.0,6.743570329662483e-05
56,303.77588989985213,0.0,1.18,0.0,0.0,0.0,0.0,1.0,8.062627331346992e-05
57,303.77588989985213,0.0,1.18,-0.012630466318329925,-0.00111999764945596,-0.00111999764945596,0.0,1.0,3.0756879874902506e-05
58,303.8931075188304,0.0,1.18,-0.015156602306182591,-0.0013840300243137909,-0.0013840300243137909,0.0,1.0,7.967973812198236e-06
59,304.16872682439333,0.0,1.18,-0.012255374109281124,-0.0012902115461234573,-0.0012902115461234573,0.0,1.0,2.662731627838184e-05
60,304.5626409955225,0.0,1.18,-0.006673232832424508,-0.0007827651160117238,-0.0007827651160117238,0.0,1.0,4.5197526786715806e-05
61,304.999328931979,0.0,1.18,-4.384571967880027e-07,-2.288432335761349e-06,-2.288432335761349e-06,0.0,1.0,5.2097706521079196e-05
62,305.43618446258193,0.0,1.18,0.006672480756039765,0.0007786291168622665,0.0007786291168622665,0.0,1.0,4.506884299875701e-05
63,305.83019811752985,0.0,1.18,0.012254963892593597,0.0012869059197963253,0.0012869059197963253,0.0,1.0,2.6483788294714624e-05
64,306.10601148074414,0.0,1.18,0.015156579276625032,0.001381776270081696,0.001381776270081696,0.0,1.0,7.910386582726172e-06
65,306.2233534746504,0.0,1.18,0.012630612604475329,0.0011188088593957392,0.0011188088593957392,0.0,1.0,3.0510929543664847e-05
66,306.2233534746504,0.0,1.18,0.0,0.0,0.0,0.0,1.0,7.998305570863369e-05
67,302.97273573950366,0.0,1.18,0.0,0.0,0.0,0.0,1.0,6.832913813794797e-05
68,302.97273573950366,0.0,1.18,-0.011441707192403186,-0.0029857505633803425,-0.0029857505633803425,0.0,1.0,2.5856736383256985e-05
69,303.10022148209765,0.0,1.18,-0.013827987131874392,-0.005316123882663926,-0.005316123882663926,0.0,1.0,6.900129802044456e-06
70,303.3834113930299,0.0,1.18,-0.011408712303900373,-0.007146700281449237,-0.007146700281449237,0.0,1.0,2.1735801047090663e-05
71,303.77021066819856,0.0,1.18,-0.00649555766351439,-0.007986113811372552,-0.007986113811372552,0.0,1.0,3.7862664288575954e-05
72,304.2060382348066,0.0,1.18,-0.00039357556907157546,-0.0077026237240950006,-0.0077026237240950006,0.0,1.0,4.565022543627038e-05
73,304.61833688270866,0.0,1.18,0.005926652795859446,-0.00649504715729335,-0.00649504715729335,0.0,1.0,4.136493947750207e-05
74,304.9716201934428,0.0,1.18,0.01138648363947953,-0.004675744178368737,-0.004675744178368737,0.0,1.0,2.551847789717178e-05
75,305.20731632806553,0.0,1.18,0.01435397785359958,-0.00263119966555176,-0.00263119966555176,0.0,1.0,7.911936819981395e-06
76,305.30267729776585,0.0,1.18,0.012071115707501317,-0.0008067171180394541,-0.0008067171180394541,0.0,1.0,2.7748961941233902e-05
77,305.30267729776585,0.0,1.18,0.0,0.0,0.0,0.0,1.0,7.315095239524178e-05
78,302.23729164585427,0.0,1.18,0.0,0.0,0.0,0.0,1.0,4.3373065875757316e-05
79,302.23729164585427,0.0,1.18,-0.0086417126091167,-0.004699064951080622,-0.004699064951080622,0.0,1.0,1.557812045603341e-05
80,302.3534717398659,0.0,1.18,-0.010611531874082694,-0.008775160597913017,-0.008775160597913017,0.0,1.0,3.651009124019932e-06
81,302.59325792031564,0.0,1.18,-0.009026830342700475,-0.01217874541709233,-0.01217874541709233,0.0,1.0,1.0668035646022797e-05
82,302.9301803511134,0.0,1.18,-0.005445158824078654,-0.014172184222878999,-0.014172184222878999,0.0,1.0,1.997311806929058e-05
83,303.31198006203505,0.0,1.18,-0.0007405701552241084,-0.014446610231958907,-0.014446610231958907,0.0,1.0,2.6298356596450757e-05
84,303.6829871454967,0.0,1.18,0.0043576607043119735,-0.013025613799347227,-0.013025613799347227,0.0,1.0,2.5973565860610823e-05
85,303.96993972834866,0.0,1.18,0.008915087099626785,-0.010219633583972652,-0.010219633583972652,0.0,1.0,1.7498849713726407e-05
86,304.1572408093959,0.0,1.18,0.011507270163777098,-0.006534560849838733,-0.006534560849838733,0.0,1.0,6.283521783743729e-06
87,304.219053861282,0.0,1.18,0.0098123766811219,-0.002822754264283901,-0.002822754264283901,0.0,1.0,1.8622984758295062e-05
88,304.219053861282,0.0,1.18,0.0,0.0,0.0,0.0,1.0,5.0403111724607984e-05
89,301.51374420513764,0.0,1.18,0.0,0.0,0.0,0.0,1.0,2.028496415198337e-05
90,301.51374420513764,0.0,1.18,-0.004769680609047657,-0.005872665750801327,-0.005872665750801327,0.0,1.0,5.635993533404378e-06
91,301.5942557496919,0.0,1.18,-0.0062400556676324905,-0.01067517418947758,-0.01067517418947758,0.0,1.0,9.903784602802901e-08
92,301.76760568223324,0.0,1.18,-0.005606884804468086,-0.014740153050278832,-0.014740153050278832,0.0,1.0,8.572695011698092e-07
93,302.0113512646339,0.0,1.18,-0.0036464870044384807,-0.017442615974498244,-0.017442615974498244,0.0,1.0,2.878633290816015e-06
94,302.29085683840236,0.0,1.18,-0.000851647177881746,-0.018300011657377654,-0.018300011657377654,0.0,1.0,4.7214392552590074e-06
95,302.56431272440824,0.0,1.18,0.0023585142463311334,-0.01711877072467127,-0.01711877072467127,0.0,1.0,5.397316295816893e-06
96,302.7849476781112,0.0,1.18,0.0053633517678195524,-0.014051305724733001,-0.014051305724733001,0.0,1.0,3.7531185111285737e-06
97,302.9101322481207,0.0,1.18,0.007122927898511009,-0.009643339196470048,-0.009643339196470048,0.0,1.0,1.118366922752006e-06
98,302.94389333596575,0.0,1.18,0.00610441758164629,-0.004757414947668153,-0.004757414947668153,0.0,1.0,7.436093467792342e-06
99,302.94389333596575,0.0,1.18,0.0,0.0,0.0,0.0,1.0,2.452370054893136e-05
100,300.7694865238678,0.0,1.18,0.0,0.0,0.0,0.0,1.0,8.188085077341422e-06
101,300.7694865238678,0.0,1.18,-0.0011097244826603725,-0.005453868196739908,-0.005453868196739908,0.0,1.0,6.020973428397358e-06
102,300.8088312409163,0.0,1.18,-0.0021282820018121325,-0.008855986919984578,-0.008855986919984578,0.0,1.0,1.4615754657631607e-05
103,300.89619706722414,0.0,1.18,-0.0021029352296678162,-0.012012476296533544,-0.012012476296533544,0.0,1.0,2.7657435009364562e-05
104,301.0209161367746,0.0,1.18,-0.0014978346218264527,-0.01440074135190858,-0.01440074135190858,0.0,1.0,3.895836804529083e-05
105,301.1650147879369,0.0,1.18,-0.0005269381291371295,-0.015508098699774861,-0.015508098699774861,0.0,1.0,4.311679265770586e-05
106,301.3068654737765,0.0,1.18,0.0006755368649585075,-0.015007308608521387,-0.015007308608521387,0.0,1.0,3.791767204066629e-05
107,301.42240962619104,0.0,1.18,0.0018674764257071638,-0.012852563412955554,-0.012852563412955554,0.0,1.0,2.5495452582988084e-05
108,301.4891477044308,0.0,1.18,0.002556980600017295,-0.009407286572504482,-0.009407286572504482,0.0,1.0,1.1799394947894566e-05
109,301.50414651071156,0.0,1.18,0.0019053258458014619,-0.005407110052074021,-0.005407110052074021,0.0,1.0,4.390674768658137e-06
110,301.50414651071156,0.0,1.18,0.0,0.0,0.0,0.0,1.0,9.256042100080337e-06
111,300.0,0.0,1.18,0.0,0.0,0.0,0.0,1.0,0.0
112,300.0,0.0,1.18,0.0,0.0,0.0,0.0,1.0,1.5476528984365587e-05
113,300.0,0.0,1.18,0.0,0.0,0.0,0.0,1.0,4.113421480679192e-05
114,300.0,0.0,1.18,0.0,0.0,0.0,0.0,1.0,7.468532250186775e-05
115,300.0,0.0,1.18,0.0,0.0,0.0,0.0,1.0,0.00010628654319310498
116,300.0,0.0,1.18,0.0,0.0,0.0,0.0,1.0,0.0001226686245710206
117,300.0,0.0,1.18,0.0,0.0,0.0,0.0,1.0,0.00011492411081986531
118,300.0,0.0,1.18,0.0,0.0,0.0,0.0,1.0,8.509531768711592e-05
119,300.0,0.0,1.18,0.0,0.0,0.0,0.0,1.0,4.677869506361193e-05
120,300.0,0.0,1.18,0.0,0.0,0.0,0.0,1.0,1.582905345295842e-05
121,300.0,0.0,1.18,0.0,0.0,0.0,0.0,1.0,0.0
1,310.0,0.0,1.18,0.0,0.0,0.0,0.0,1.0,0.0
2,310.0,0.0,1.18,0.0,0.0,0.0,0.0,1.0,1.5318224295609688e-05
3,310.0,0.0,1.18,0.0,0.0,0.0,0.0,1.0,4.527126294983151e-05
4,310.0,0.0,1.18,0.0,0.0,0.0,0.0,1.0,8.235564442084216e-05
5,310.0,0.0,1.18,0.0,0.0,0.0,0.0,1.0,0.00011122616399936859
6,310.0,0.0,1.18,0.0,0.0,0.0,0.0,1.0,0.00011872261116096871
7,310.0,0.0,1.18,0.0,0.0,0.0,0.0,1.0,0.00010286744243145122
8,310.0,0.0,1.18,0.0,0.0,0.0,0.0,1.0,7.228192251145951e-05
9,310.0,0.0,1.18,0.0,0.0,0.0,0.0,1.0,3.9809684424130426e-05
10,310.0,0.0,1.18,0.0,0.0,0.0,0.0,1.0,1.4977725572531516e-05
11,310.0,0.0,1.18,0.0,0.0,0.0,0.0,1.0,0.0
12,308.4956361899373,0.0,1.18,0.0,0.0,0.0,0.0,1.0,9.046490677390932e-06
13,308.4956361899373,0.0,1.18,-0.0019055570905791375,0.005407029093588655,0.005407029093588655,0.0,1.0,4.291123581853448e-06
14,308.51066338584167,0.0,1.18,-0.002557216287091195,0.009407422404723125,0.009407422404723125,0.0,1.0,1.1531804253865284e-05
15,308.5774221623072,0.0,1.18,-0.0018676453114947133,0.012852972008955065,0.012852972008955065,0.0,1.0,2.4906741227608692e-05
16,308.69297433173955,0.0,1.18,-0.0006756311049081422,0.01500793339078381,0.01500793339078381,0.0,1.0,3.7013633235866994e-05
17,308.8348322652296,0.0,1.18,0.0005269459077839322,0.015508820016545166,0.015508820016545166,0.0,1.0,4.204895828617285e-05
18,308.97894832589725,0.0,1.18,0.001497951072924903,0.014401403724049645,0.014401403724049645,0.0,1.0,3.795690742854635e-05
19,309.10369497216595,0.0,1.18,0.002103119727314469,0.012012949844555332,0.012012949844555332,0.0,1.0,2.6923860041951786e-05
20,309.1910882573675,0.0,1.18,0.002128461044522537,0.008856237761528787,0.008856237761528787,0.0,1.0,1.4219623290932376e-05
21,309.23045062402525,0.0,1.18,0.0011098683012266287,0.0054539352328085355,0.0054539352328085355,0.0,1.0,5.856206338571343e-06
22,309.23045062402525,0.0,1.18,0.0,0.0,0.0,0.0,1.0,7.964386652562144e-06
23,307.0558556848172,0.0,1.18,0.0,0.0,0.0,0.0,1.0,2.4198221886691534e-05
24,307.0558556848172,0.0,1.18,-0.006104915000442517,0.004757375979660228,0.004757375979660228,0.0,1.0,7.337288946661578e-06
25,307.08965127356066,0.0,1.18,-0.007123470470923232,0.009643739974571193,0.009643739974571193,0.0,1.0,1.1029115029696114e-06
26,307.2148002433646,0.0,1.18,-0.005363716448477196,0.01405199052087324,0.01405199052087324,0.0,1.0,3.6993050215719304e-06
27,307.43541004673847,0.0,1.18,-0.0023586573007725186,0.01711950361554215,0.01711950361554215,0.0,1.0,5.312622324431882e-06
28,307.7088564290566,0.0,1.18,0.0008517456641656974,0.018300638528034995,0.018300638528034995,0.0,1.0,4.639202493231355e-06
29,307.98838636522396,0.0,1.18,0.0036468197400103776,0.01744305077263374,0.01744305077263374,0.0,1.0,2.8232424404756367e-06
30,308.2321845953324,0.0,1.18,0.005607336033187183,0.014740369974479693,0.014740369974479693,0.0,1.0,8.393098679381395e-07
31,308.40559299876145,0.0,1.18,0.006240475315078885,0.010675210690004464,0.010675210690004464,0.0,1.0,9.688626653741287e-08
32,308.48613430407136,0.0,1.18,0.0047699993050026755,0.00587260718465269,0.00587260718465269,0.0,1.0,5.509232790661693e-06
33,308.48613430407136,0.0,1.18,0.0,0.0,0.0,0.0,1.0,1.9827820946018883e-05
34,305.7808260732066,0.0,1.18,0.0,0.0,0.0,0.0,1.0,5.0153539314529205e-05
35,305.7808260732066,0.0,1.18,-0.009813154718234558,0.0028229131838096656,0.0028229131838096656,0.0,1.0,1.8530067583994194e-05
36,305.8426123007421,0.0,1.18,-0.01150809312029338,0.006535066729071175,0.006535066729071175,0.0,1.0,6.249311923877556e-06
37,306.02988606173403,0.0,1.18,-0.008915501330890571,0.010220307988740322,0.010220307988740322,0.0,1.0,1.7383993458898242e-05
38,306.316705164158,0.0,1.18,-0.004357659677982131,0.013026027397026694,0.013026027397026694,0.0,1.0,2.5754873826418753e-05
39,306.6876500777853,0.0,1.18,0.0007409233753296127,0.014446637793490272,0.014446637793490272,0.0,1.0,2.6014206778716815e-05
40,307.06944874422175,0.0,1.18,0.005445751434181707,0.014171892486064576,0.014171892486064576,0.0,1.0,1.9708086032895216e-05
41,307.40643404997695,0.0,1.18,0.009027478885556254,0.012178313515317453,0.012178313515317453,0.0,1.0,1.050327979197878e-05
42,307.6462857326081,0.0,1.18,0.010612097601185661,0.00877473961150547,0.00877473961150547,0.0,1.0,3.589247086883923e-06
43,307.76252181456397,0.0,1.18,0.008642119152368148,0.004698796599525428,0.004698796599525428,0.0,1.0,1.530009437562276e-05
44,307.76252181456397,0.0,1.18,0.0,0.0,0.0,0.0,1.0,4.259725847770409e-05
45,304.6973324542292,0.0,1.18,0.0,0.0,0.0,0.0,1.0,7.330759549962075e-05
46,304.6973324542292,0.0,1.18,-0.012072044775136986,0.0008068541983396627,0.0008068541983396627,0.0,1.0,2.780766333170063e-05
47,304.79263488085144,0.0,1.18,-0.014354930912447814,0.0026314109492612562,0.0026314109492612562,0.0,1.0,7.924233232452105e-06
48,305.02824671875817,0.0,1.18,-0.01138690178163286,0.004675802173378078,0.004675802173378078,0.0,1.0,2.5519918167491508e-05
49,305.381445856191,0.0,1.18,-0.005926454775179904,0.006494722546650781,0.006494722546650781,0.0,1.0,4.126967206312888e-05
50,305.7935505709605,0.0,1.18,0.0003941387892986665,0.0077017793948049515,0.0077017793948049515,0.0,1.0,4.54200230104159e-05
51,306.22935502343273,0.0,1.18,0.006496227076868569,0.007985018529069278,0.007985018529069278,0.0,1.0,3.7562578578577915e-05
52,306.6162158746054,0.0,1.18,0.011409344996243347,0.007145694594528902,0.007145694594528902,0.0,1.0,2.1508337619862726e-05
53,306.89946553219926,0.0,1.18,0.013828416297323802,0.005315390733373923,0.005315390733373923,0.0,1.0,6.8155751056918855e-06
54,307.02695547351,0.0,1.18,0.011442030179356705,0.002985321267571988,0.002985321267571988,0.0,1.0,2.5516958155507353e-05
55,307.02695547351,0.0,1.18,0.0,0.0,0.0,0.0,1.0,6.742991080233436e-05
56,303.776756160424,0.0,1.18,0.0,0.0,0.0,0.0,1.0,8.063783516864279e-05
57,303.776756160424,0.0,1.18,-0.012631446857133086,-0.0011187942630342554,-0.0011187942630342554,0.0,1.0,3.0760019714585376e-05
58,303.8940211179985,0.0,1.18,-0.015157408994154511,-0.0013819987167962742,-0.0013819987167962742,0.0,1.0,7.969340211980577e-06
59,304.1696973126661,0.0,1.18,-0.012255253461249772,-0.001287539399502079,-0.001287539399502079,0.0,1.0,2.6633805637320562e-05
60,304.5636039974034,0.0,1.18,-0.0066722257796212325,-0.0007797376117048524,-0.0007797376117048524,0.0,1.0,4.520480176120665e-05
61,305.00033967273595,0.0,1.18,9.822667530421904e-07,8.268823215861007e-07,8.268823215861007e-07,0.0,1.0,5.2101676081534616e-05
62,305.43700963457405,0.0,1.18,0.006673751533335935,0.000781338220324299,0.000781338220324299,0.0,1.0,4.5068951374885084e-05
63,305.8308266573129,0.0,1.18,0.012255692605594047,0.0012889898021383565,0.0012889898021383565,0.0,1.0,2.64824235581728e-05
64,306.10643675525245,0.0,1.18,0.015156728759183195,0.0013831414828038217,0.0013831414828038217,0.0,1.0,7.910707987932993e-06
65,306.22364805712186,0.0,1.18,0.012630556143144168,0.0011194546577119233,0.0011194546577119233,0.0,1.0,3.0511659681413126e-05
66,306.22364805712186,0.0,1.18,0.0,0.0,0.0,0.0,1.0,7.99826274155854e-05
67,302.9735516022876,0.0,1.18,0.0,0.0,0.0,0.0,1.0,6.834494556364618e-05
68,302.9735516022876,0.0,1.18,-0.011443216342878357,-0.002984794083066638,-0.002984794083066638,0.0,1.0,2.586212989662257e-05
69,303.1010674922691,0.0,1.18,-0.013829433918018772,-0.005314694760486149,-0.005314694760486149,0.0,1.0,6.90269042112532e-06
70,303.38432206250275,0.0,1.18,-0.011409260985233404,-0.007144909643179596,-0.007144909643179596,0.0,1.0,2.1745195121450958e-05
71,303.7711795109349,0.0,1.18,-0.006495102512501321,-0.00798408947697046,-0.00798408947697046,0.0,1.0,3.787594805279844e-05
72,304.206971418822,0.0,1.18,-0.00039252686993778655,-0.007700570061042788,-0.007700570061042788,0.0,1.0,4.566271793699042e-05
73,304.6190016461384,0.0,1.18,0.005927818398708943,-0.006493266758194566,-0.006493266758194566,0.0,1.0,4.1373462273549015e-05
74,304.9720804362196,0.0,1.18,0.011387439451800924,-0.004674326901909362,-0.004674326901909362,0.0,1.0,2.5523346181955507e-05
75,305.2076009832908,0.0,1.18,0.014354619085028608,-0.002630259272432319,-0.002630259272432319,0.0,1.0,7.914639026052848e-06
76,305.30284383127616,0.0,1.18,0.012071600601176078,-0.0008062909907931601,-0.0008062909907931601,0.0,1.0,2.775193432454956e-05
77,305.30284383127616,0.0,1.18,0.0,0.0,0.0,0.0,1.0,7.315660427601699e-05
78,302.23794689591625,0.0,1.18,0.0,0.0,0.0,0.0,1.0,4.338580692923409e-05
79,302.23794689591625,0.0,1.18,-0.008643343527724494,-0.0046984639405251985,-0.0046984639405251985,0.0,1.0,1.558290928895685e-05
80,302.3541764871117,0.0,1.18,-0.010613205756547216,-0.008774509296359952,-0.008774509296359952,0.0,1.0,3.653161244204504e-06
81,302.5939730796006,0.0,1.18,-0.009027736332966826,-0.012178250050957537,-0.012178250050957537,0.0,1.0,1.0674794894146228e-05
82,302.93087895161483,0.0,1.18,-0.005445235959212038,-0.014171840044501794,-0.014171840044501794,0.0,1.0,1.9983213336531578e-05
83,303.3125898775425,0.0,1.18,-0.0007400670275846778,-0.014446393195280753,-0.014446393195280753,0.0,1.0,2.6308951031350957e-05
84,303.6834445436029,0.0,1.18,0.004358414175029623,-0.013025499128928218,-0.013025499128928218,0.0,1.0,2.5982085000444356e-05
85,303.97016712458696,0.0,1.18,0.008915835965181076,-0.010219653008212105,-0.010219653008212105,0.0,1.0,1.750474510326192e-05
86,304.1573390403618,0.0,1.18,0.011508004850772713,-0.006534608060203649,-0.006534608060203649,0.0,1.0,6.286646949598247e-06
87,304.21907384257975,0.0,1.18,0.009813069584603248,-0.0028227949776493903,-0.0028227949776493903,0.0,1.0,1.862588136442464e-05
88,304.21907384257975,0.0,1.18,0.0,0.0,0.0,0.0,1.0,5.041000204079651e-05
89,301.51419805843125,0.0,1.18,0.0,0.0,0.0,0.0,1.0,2.0290542660214904e-05
90,301.51419805843125,0.0,1.18,-0.004770952543373414,-0.005872482488450569,-0.005872482488450569,0.0,1.0,5.637821590498469e-06
91,301.5947125597922,0.0,1.18,-0.006241334129961175,-0.010675390460171562,-0.010675390460171562,0.0,1.0,9.894116550459839e-08
92,301.76804720071567,0.0,1.18,-0.005607632851285608,-0.014740824686502618,-0.014740824686502618,0.0,1.0,8.579090855473283e-07
93,302.0117425488798,0.0,1.18,-0.003646678924130669,-0.017443633370506972,-0.017443633370506972,0.0,1.0,2.8798414204747237e-06
94,302.2911656947624,0.0,1.18,-0.0008514515755930538,-0.018301209697049542,-0.018301209697049542,0.0,1.0,4.722698996079096e-06
95,302.5645111625143,0.0,1.18,0.002358893263047526,-0.01711999768108266,-0.01711999768108266,0.0,1.0,5.398368768287861e-06
96,302.7850330320397,0.0,1.18,0.005363792723926726,-0.0140524245625294,-0.0140524245625294,0.0,1.0,3.753944733512139e-06
97,302.9101212109391,0.0,1.18,0.007123427978636184,-0.009644181625127736,-0.009644181625127736,0.0,1.0,1.118868779452733e-06
98,302.94388049671755,0.0,1.18,0.006104933504392886,-0.0047577614066685574,-0.0047577614066685574,0.0,1.0,7.437229700372896e-06
99,302.94388049671755,0.0,1.18,0.0,0.0,0.0,0.0,1.0,2.4527713481966644e-05
100,300.76971821598283,0.0,1.18,0.0,0.0,0.0,0.0,1.0,8.189240770665923e-06
101,300.76971821598283,0.0,1.18,-0.0011102909528768236,-0.005454056643532951,-0.005454056643532951,0.0,1.0,6.020702949989472e-06
102,300.809050045652,0.0,1.18,-0.002128814200936233,-0.008856719325394672,-0.008856719325394672,0.0,1.0,1.4616251768515011e-05
103,300.8963955002977,0.0,1.18,-0.002103237197734659,-0.01201363778033347,-0.01201363778033347,0.0,1.0,2.7660009380376853e-05
104,301.0210804062638,0.0,1.18,-0.001497892568981291,-0.01440212755907584,-0.01440212755907584,0.0,1.0,3.896301401372663e-05
105,301.16513009826457,0.0,1.18,-0.0005268391296312373,-0.015509515369174439,-0.015509515369174439,0.0,1.0,4.312246044656566e-05
106,301.30692453700254,0.0,1.18,0.0006756982324742454,-0.015008605823500915,-0.015008605823500915,0.0,1.0,3.79230391499062e-05
107,301.4224201169054,0.0,1.18,0.0018676493399351502,-0.012853623309134135,-0.012853623309134135,0.0,1.0,2.5499463124745345e-05
108,301.4891356536486,0.0,1.18,0.0025571810465570832,-0.009407992122589354,-0.009407992122589354,0.0,1.0,1.180146717826951e-05
109,301.50414303832264,0.0,1.18,0.0019055192061166253,-0.0054073986084834545,-0.0054073986084834545,0.0,1.0,4.391302255005119e-06
110,301.50414303832264,0.0,1.18,0.0,0.0,0.0,0.0,1.0,9.257207367156652e-06
111,300.0,0.0,1.18,0.0,0.0,0.0,0.0,1.0,0.0
112,300.0,0.0,1.18,0.0,0.0,0.0,0.0,1.0,1.5477897358502837e-05
113,300.0,0.0,1.18,0.0,0.0,0.0,0.0,1.0,4.1141405325017024e-05
114,300.0,0.0,1.18,0.0,0.0,0.0,0.0,1.0,7.469987156567447e-05
115,300.0,0.0,1.18,0.0,0.0,0.0,0.0,1.0,0.00010630694049538573
116,300.0,0.0,1.18,0.0,0.0,0.0,0.0,1.0,0.00012269099770445283
117,300.0,0.0,1.18,0.0,0.0,0.0,0.0,1.0,0.00011494401496823828
118,300.0,0.0,1.18,0.0,0.0,0.0,0.0,1.0,8.51093711674058e-05
119,300.0,0.0,1.18,0.0,0.0,0.0,0.0,1.0,4.678572347110528e-05
120,300.0,0.0,1.18,0.0,0.0,0.0,0.0,1.0,1.5830832020324886e-05
121,300.0,0.0,1.18,0.0,0.0,0.0,0.0,1.0,0.0
