2,1
1,22
3,2
4,3
5,4
6,5
7,6
8,7
9,8
10,9
11,10
12,11
13,12
14,13
15,14
16,15
17,16
18,17
19,18
20,19
21,20
42,21
22,43
63,42
43,64
84,63
64,85
105,84
85,106
126,105
106,127
147,126
127,148
168,147
148,169
189,168
169,190
210,189
190,211
231,210
211,232
252,231
232,253
273,252
253,274
294,273
274,295
315,294
295,316
336,315
316,337
357,336
337,358
378,357
358,379
399,378
379,400
420,399
400,421
421,422
422,423
423,424
424,425
425,426
426,427
427,428
428,429
429,430
430,431
431,432
432,433
433,434
434,435
435,436
436,437
437,438
438,439
439,440
441,420
440,441
1
1
2
3
4
5
6
7
8
9
10
11
12
13
14
15
16
17
18
19
20
20
21
40
41
60
61
80
81
100
101
120
121
140
141
160
161
180
181
200
201
220
221
240
241
260
261
280
281
300
301
320
321
340
341
360
361
380
381
381
382
383
384
385
386
387
388
389
390
391
392
393
394
395
396
397
398
399
400
400
1.001,0.0,0,L1,1
1.001,0.0,0,L1,1
1.002,0.0,0,B3,1
1.002,0.0,0,B3,1
1.001,0.0,0,L1,2
1.001,0.0,0,L1,2
1.001,0.0,0,L1,3
1.001,0.0,0,L1,3
1.001,0.0,0,L1,4
1.001,0.0,0,L1,4
1.001,0.0,0,L1,5
1.001,0.0,0,L1,5
1.001,0.0,0,L1,6
1.001,0.0,0,L1,6
1.001,0.0,0,L1,7
1.001,0.0,0,L1,7
1.001,0.0,0,L1,8
1.001,0.0,0,L1,8
1.001,0.0,0,L1,9
1.001,0.0,0,L1,9
1.001,0.0,0,L1,10
1.001,0.0,0,L1,10
1.001,0.0,0,L1,11
1.001,0.0,0,L1,11
1.001,0.0,0,L1,12
1.001,0.0,0,L1,12
1.001,0.0,0,L1,13
1.001,0.0,0,L1,13
1.001,0.0,0,L1,14
1.001,0.0,0,L1,14
1.001,0.0,0,L1,15
1.001,0.0,0,L1,15
1.001,0.0,0,L1,16
1.001,0.0,0,L1,16
1.001,0.0,0,L1,17
1.001,0.0,0,L1,17
1.001,0.0,0,L1,18
1.001,0.0,0,L1,18
1.001,0.0,0,L1,19
1.001,0.0,0,L1,19
1.001,0.0,0,L1,20
1.001,0.0,0,L1,20
1.004,0.0,0,T2,20
1.004,0.0,0,T2,20
1.002,0.0,0,B3,21
1.002,0.0,0,B3,21
1.004,0.0,0,T2,40
1.004,0.0,0,T2,40
1.002,0.0,0,B3,41
1.002,0.0,0,B3,41
1.004,0.0,0,T2,60
1.004,0.0,0,T2,60
1.002,0.0,0,B3,61
1.002,0.0,0,B3,61
1.004,0.0,0,T2,80
1.004,0.0,0,T2,80
1.002,0.0,0,B3,81
1.002,0.0,0,B3,81
1.004,0.0,0,T2,100
1.004,0.0,0,T2,100
1.002,0.0,0,B3,101
1.002,0.0,0,B3,101
1.004,0.0,0,T2,120
1.004,0.0,0,T2,120
1.002,0.0,0,B3,121
1.002,0.0,0,B3,121
1.004,0.0,0,T2,140
1.004,0.0,0,T2,140
1.002,0.0,0,B3,141
1.002,0.0,0,B3,141
1.004,0.0,0,T2,160
1.004,0.0,0,T2,160
1.002,0.0,0,B3,161
1.002,0.0,0,B3,161
1.004,0.0,0,T2,180
1.004,0.0,0,T2,180
1.002,0.0,0,B3,181
1.002,0.0,0,B3,181
1.004,0.0,0,T2,200
1.004,0.0,0,T2,200
1.002,0.0,0,B3,201
1.002,0.0,0,B3,201
1.004,0.0,0,T2,220
1.004,0.0,0,T2,220
1.002,0.0,0,B3,221
1.002,0.0,0,B3,221
1.004,0.0,0,T2,240
1.004,0.0,0,T2,240
1.002,0.0,0,B3,241
1.002,0.0,0,B3,241
1.004,0.0,0,T2,260
1.004,0.0,0,T2,260
1.002,0.0,0,B3,261
1.002,0.0,0,B3,261
1.004,0.0,0,T2,280
1.004,0.0,0,T2,280
1.002,0.0,0,B3,281
1.002,0.0,0,B3,281
1.004,0.0,0,T2,300
1.004,0.0,0,T2,300
1.002,0.0,0,B3,301
1.002,0.0,0,B3,301
1.004,0.0,0,T2,320
1.004,0.0,0,T2,320
1.002,0.0,0,B3,321
1.002,0.0,0,B3,321
1.004,0.0,0,T2,340
1.004,0.0,0,T2,340
1.002,0.0,0,B3,341
1.002,0.0,0,B3,341
1.004,0.0,0,T2,360
1.004,0.0,0,T2,360
1.002,0.0,0,B3,361
1.002,0.0,0,B3,361
1.004,0.0,0,T2,380
1.004,0.0,0,T2,380
1.002,0.0,0,B3,381
1.002,0.0,0,B3,381
1.003,0.0,0,R4,381
1.003,0.0,0,R4,381
1.003,0.0,0,R4,382
1.003,0.0,0,R4,382
1.003,0.0,0,R4,383
1.003,0.0,0,R4,383
1.003,0.0,0,R4,384
1.003,0.0,0,R4,384
1.003,0.0,0,R4,385
1.003,0.0,0,R4,385
1.003,0.0,0,R4,386
1.003,0.0,0,R4,386
1.003,0.0,0,R4,387
1.003,0.0,0,R4,387
1.003,0.0,0,R4,388
1.003,0.0,0,R4,388
1.003,0.0,0,R4,389
1.003,0.0,0,R4,389
1.003,0.0,0,R4,390
1.003,0.0,0,R4,390
1.003,0.0,0,R4,391
1.003,0.0,0,R4,391
1.003,0.0,0,R4,392
1.003,0.0,0,R4,392
1.003,0.0,0,R4,393
1.003,0.0,0,R4,393
1.003,0.0,0,R4,394
1.003,0.0,0,R4,394
1.003,0.0,0,R4,395
1.003,0.0,0,R4,395
1.003,0.0,0,R4,396
1.003,0.0,0,R4,396
1.003,0.0,0,R4,397
1.003,0.0,0,R4,397
1.003,0.0,0,R4,398
1.003,0.0,0,R4,398
1.003,0.0,0,R4,399
1.003,0.0,0,R4,399
1.004,0.0,0,T2,400
1.004,0.0,0,T2,400
1.003,0.0,0,R4,400
1.003,0.0,0,R4,400
0,1,312.0,L1,1
0,1,312.0,L1,1
1.002,0.0,0,B3,1
1.002,0.0,0,B3,1
0,1,312.0,L1,2
0,1,312.0,L1,2
0,1,312.0,L1,3
0,1,312.0,L1,3
0,1,312.0,L1,4
0,1,312.0,L1,4
0,1,312.0,L1,5
0,1,312.0,L1,5
0,1,312.0,L1,6
0,1,312.0,L1,6
0,1,312.0,L1,7
0,1,312.0,L1,7
0,1,312.0,L1,8
0,1,312.0,L1,8
0,1,312.0,L1,9
0,1,312.0,L1,9
0,1,312.0,L1,10
0,1,312.0,L1,10
0,1,312.0,L1,11
0,1,312.0,L1,11
0,1,312.0,L1,12
0,1,312.0,L1,12
0,1,312.0,L1,13
0,1,312.0,L1,13
0,1,312.0,L1,14
0,1,312.0,L1,14
0,1,312.0,L1,15
0,1,312.0,L1,15
0,1,312.0,L1,16
0,1,312.0,L1,16
0,1,312.0,L1,17
0,1,312.0,L1,17
0,1,312.0,L1,18
0,1,312.0,L1,18
0,1,312.0,L1,19
0,1,312.0,L1,19
0,1,312.0,L1,20
0,1,312.0,L1,20
1.004,0.0,0,T2,20
1.004,0.0,0,T2,20
1.002,0.0,0,B3,21
1.002,0.0,0,B3,21
1.004,0.0,0,T2,40
1.004,0.0,0,T2,40
1.002,0.0,0,B3,41
1.002,0.0,0,B3,41
1.004,0.0,0,T2,60
1.004,0.0,0,T2,60
1.002,0.0,0,B3,61
1.002,0.0,0,B3,61
1.004,0.0,0,T2,80
1.004,0.0,0,T2,80
1.002,0.0,0,B3,81
1.002,0.0,0,B3,81
1.004,0.0,0,T2,100
1.004,0.0,0,T2,100
1.002,0.0,0,B3,101
1.002,0.0,0,B3,101
1.004,0.0,0,T2,120
1.004,0.0,0,T2,120
1.002,0.0,0,B3,121
1.002,0.0,0,B3,121
1.004,0.0,0,T2,140
1.004,0.0,0,T2,140
1.002,0.0,0,B3,141
1.002,0.0,0,B3,141
1.004,0.0,0,T2,160
1.004,0.0,0,T2,160
1.002,0.0,0,B3,161
1.002,0.0,0,B3,161
1.004,0.0,0,T2,180
1.004,0.0,0,T2,180
1.002,0.0,0,B3,181
1.002,0.0,0,B3,181
1.004,0.0,0,T2,200
1.004,0.0,0,T2,200
1.002,0.0,0,B3,201
1.002,0.0,0,B3,201
1.004,0.0,0,T2,220
1.004,0.0,0,T2,220
1.002,0.0,0,B3,221
1.002,0.0,0,B3,221
1.004,0.0,0,T2,240
1.004,0.0,0,T2,240
1.002,0.0,0,B3,241
1.002,0.0,0,B3,241
1.004,0.0,0,T2,260
1.004,0.0,0,T2,260
1.002,0.0,0,B3,261
1.002,0.0,0,B3,261
1.004,0.0,0,T2,280
1.004,0.0,0,T2,280
1.002,0.0,0,B3,281
1.002,0.0,0,B3,281
1.004,0.0,0,T2,300
1.004,0.0,0,T2,300
1.002,0.0,0,B3,301
1.002,0.0,0,B3,301
1.004,0.0,0,T2,320
1.004,0.0,0,T2,320
1.002,0.0,0,B3,321
1.002,0.0,0,B3,321
1.004,0.0,0,T2,340
1.004,0.0,0,T2,340
1.002,0.0,0,B3,341
1.002,0.0,0,B3,341
1.004,0.0,0,T2,360
1.004,0.0,0,T2,360
1.002,0.0,0,B3,361
1.002,0.0,0,B3,361
1.004,0.0,0,T2,380
1.004,0.0,0,T2,380
1.002,0.0,0,B3,381
1.002,0.0,0,B3,381
0,1,300.0,R4,381
0,1,300.0,R4,381
0,1,300.0,R4,382
0,1,300.0,R4,382
0,1,300.0,R4,383
0,1,300.0,R4,383
0,1,300.0,R4,384
0,1,300.0,R4,384
0,1,300.0,R4,385
0,1,300.0,R4,385
0,1,300.0,R4,386
0,1,300.0,R4,386
0,1,300.0,R4,387
0,1,300.0,R4,387
0,1,300.0,R4,388
0,1,300.0,R4,388
0,1,300.0,R4,389
0,1,300.0,R4,389
0,1,300.0,R4,390
0,1,300.0,R4,390
0,1,300.0,R4,391
0,1,300.0,R4,391
0,1,300.0,R4,392
0,1,300.0,R4,392
0,1,300.0,R4,393
0,1,300.0,R4,393
0,1,300.0,R4,394
0,1,300.0,R4,394
0,1,300.0,R4,395
0,1,300.0,R4,395
0,1,300.0,R4,396
0,1,300.0,R4,396
0,1,300.0,R4,397
0,1,300.0,R4,397
0,1,300.0,R4,398
0,1,300.0,R4,398
0,1,300.0,R4,399
0,1,300.0,R4,399
1.004,0.0,0,T2,400
1.004,0.0,0,T2,400
0,1,300.0,R4,400
0,1,300.0,R4,400
0,1,0,L1,1
0,1,0,L1,1
0,1,0,B3,1
0,1,0,B3,1
0,1,0,L1,2
0,1,0,L1,2
0,1,0,L1,3
0,1,0,L1,3
0,1,0,L1,4
0,1,0,L1,4
0,1,0,L1,5
0,1,0,L1,5
0,1,0,L1,6
0,1,0,L1,6
0,1,0,L1,7
0,1,0,L1,7
0,1,0,L1,8
0,1,0,L1,8
0,1,0,L1,9
0,1,0,L1,9
0,1,0,L1,10
0,1,0,L1,10
0,1,0,L1,11
0,1,0,L1,11
0,1,0,L1,12
0,1,0,L1,12
0,1,0,L1,13
0,1,0,L1,13
0,1,0,L1,14
0,1,0,L1,14
0,1,0,L1,15
0,1,0,L1,15
0,1,0,L1,16
0,1,0,L1,16
0,1,0,L1,17
0,1,0,L1,17
0,1,0,L1,18
0,1,0,L1,18
0,1,0,L1,19
0,1,0,L1,19
0,1,0,L1,20
0,1,0,L1,20
0,1,0,T2,20
0,1,0,T2,20
0,1,0,B3,21
0,1,0,B3,21
0,1,0,T2,40
0,1,0,T2,40
0,1,0,B3,41
0,1,0,B3,41
0,1,0,T2,60
0,1,0,T2,60
0,1,0,B3,61
0,1,0,B3,61
0,1,0,T2,80
0,1,0,T2,80
0,1,0,B3,81
0,1,0,B3,81
0,1,0,T2,100
0,1,0,T2,100
0,1,0,B3,101
0,1,0,B3,101
0,1,0,T2,120
0,1,0,T2,120
0,1,0,B3,121
0,1,0,B3,121
0,1,0,T2,140
0,1,0,T2,140
0,1,0,B3,141
0,1,0,B3,141
0,1,0,T2,160
0,1,0,T2,160
0,1,0,B3,161
0,1,0,B3,161
0,1,0,T2,180
0,1,0,T2,180
0,1,0,B3,181
0,1,0,B3,181
0,1,0,T2,200
0,1,0,T2,200
0,1,0,B3,201
0,1,0,B3,201
0,1,0,T2,220
0,1,0,T2,220
0,1,0,B3,221
0,1,0,B3,221
0,1,0,T2,240
0,1,0,T2,240
0,1,0,B3,241
0,1,0,B3,241
0,1,0,T2,260
0,1,0,T2,260
0,1,0,B3,261
0,1,0,B3,261
0,1,0,T2,280
0,1,0,T2,280
0,1,0,B3,281
0,1,0,B3,281
0,1,0,T2,300
0,1,0,T2,300
0,1,0,B3,301
0,1,0,B3,301
0,1,0,T2,320
0,1,0,T2,320
0,1,0,B3,321
0,1,0,B3,321
0,1,0,T2,340
0,1,0,T2,340
0,1,0,B3,341
0,1,0,B3,341
0,1,0,T2,360
0,1,0,T2,360
0,1,0,B3,361
0,1,0,B3,361
0,1,0,T2,380
0,1,0,T2,380
0,1,0,B3,381
0,1,0,B3,381
0,1,0,R4,381
0,1,0,R4,381
0,1,0,R4,382
0,1,0,R4,382
0,1,0,R4,383
0,1,0,R4,383
0,1,0,R4,384
0,1,0,R4,384
0,1,0,R4,385
0,1,0,R4,385
0,1,0,R4,386
0,1,0,R4,386
0,1,0,R4,387
0,1,0,R4,387
0,1,0,R4,388
0,1,0,R4,388
0,1,0,R4,389
0,1,0,R4,389
0,1,0,R4,390
0,1,0,R4,390
0,1,0,R4,391
0,1,0,R4,391
0,1,0,R4,392
0,1,0,R4,392
0,1,0,R4,393
0,1,0,R4,393
0,1,0,R4,394
0,1,0,R4,394
0,1,0,R4,395
0,1,0,R4,395
0,1,0,R4,396
0,1,0,R4,396
0,1,0,R4,397
0,1,0,R4,397
0,1,0,R4,398
0,1,0,R4,398
0,1,0,R4,399
0,1,0,R4,399
0,1,0,T2,400
0,1,0,T2,400
0,1,0,R4,400
0,1,0,R4,400
0,1,0,L1,1
0,1,0,L1,1
0,1,0,B3,1
0,1,0,B3,1
0,1,0,L1,2
0,1,0,L1,2
0,1,0,L1,3
0,1,0,L1,3
0,1,0,L1,4
0,1,0,L1,4
0,1,0,L1,5
0,1,0,L1,5
0,1,0,L1,6
0,1,0,L1,6
0,1,0,L1,7
0,1,0,L1,7
0,1,0,L1,8
0,1,0,L1,8
0,1,0,L1,9
0,1,0,L1,9
0,1,0,L1,10
0,1,0,L1,10
0,1,0,L1,11
0,1,0,L1,11
0,1,0,L1,12
0,1,0,L1,12
0,1,0,L1,13
0,1,0,L1,13
0,1,0,L1,14
0,1,0,L1,14
0,1,0,L1,15
0,1,0,L1,15
0,1,0,L1,16
0,1,0,L1,16
0,1,0,L1,17
0,1,0,L1,17
0,1,0,L1,18
0,1,0,L1,18
0,1,0,L1,19
0,1,0,L1,19
0,1,0,L1,20
0,1,0,L1,20
0,1,0,T2,20
0,1,0,T2,20
0,1,0,B3,21
0,1,0,B3,21
0,1,0,T2,40
0,1,0,T2,40
0,1,0,B3,41
0,1,0,B3,41
0,1,0,T2,60
0,1,0,T2,60
0,1,0,B3,61
0,1,0,B3,61
0,1,0,T2,80
0,1,0,T2,80
0,1,0,B3,81
0,1,0,B3,81
0,1,0,T2,100
0,1,0,T2,100
0,1,0,B3,101
0,1,0,B3,101
0,1,0,T2,120
0,1,0,T2,120
0,1,0,B3,121
0,1,0,B3,121
0,1,0,T2,140
0,1,0,T2,140
0,1,0,B3,141
0,1,0,B3,141
0,1,0,T2,160
0,1,0,T2,160
0,1,0,B3,161
0,1,0,B3,161
0,1,0,T2,180
0,1,0,T2,180
0,1,0,B3,181
0,1,0,B3,181
0,1,0,T2,200
0,1,0,T2,200
0,1,0,B3,201
0,1,0,B3,201
0,1,0,T2,220
0,1,0,T2,220
0,1,0,B3,221
0,1,0,B3,221
0,1,0,T2,240
0,1,0,T2,240
0,1,0,B3,241
0,1,0,B3,241
0,1,0,T2,260
0,1,0,T2,260
0,1,0,B3,261
0,1,0,B3,261
0,1,0,T2,280
0,1,0,T2,280
0,1,0,B3,281
0,1,0,B3,281
0,1,0,T2,300
0,1,0,T2,300
0,1,0,B3,301
0,1,0,B3,301
0,1,0,T2,320
0,1,0,T2,320
0,1,0,B3,321
0,1,0,B3,321
0,1,0,T2,340
0,1,0,T2,340
0,1,0,B3,341
0,1,0,B3,341
0,1,0,T2,360
0,1,0,T2,360
0,1,0,B3,361
0,1,0,B3,361
0,1,0,T2,380
0,1,0,T2,380
0,1,0,B3,381
0,1,0,B3,381
0,1,0,R4,381
0,1,0,R4,381
0,1,0,R4,382
0,1,0,R4,382
0,1,0,R4,383
0,1,0,R4,383
0,1,0,R4,384
0,1,0,R4,384
0,1,0,R4,385
0,1,0,R4,385
0,1,0,R4,386
0,1,0,R4,386
0,1,0,R4,387
0,1,0,R4,387
0,1,0,R4,388
0,1,0,R4,388
0,1,0,R4,389
0,1,0,R4,389
0,1,0,R4,390
0,1,0,R4,390
0,1,0,R4,391
0,1,0,R4,391
0,1,0,R4,392
0,1,0,R4,392
0,1,0,R4,393
0,1,0,R4,393
0,1,0,R4,394
0,1,0,R4,394
0,1,0,R4,395
0,1,0,R4,395
0,1,0,R4,396
0,1,0,R4,396
0,1,0,R4,397
0,1,0,R4,397
0,1,0,R4,398
0,1,0,R4,398
0,1,0,R4,399
0,1,0,R4,399
0,1,0,T2,400
0,1,0,T2,400
0,1,0,R4,400
0,1,0,R4,400
