2,1
1,42
3,2
4,3
5,4
6,5
7,6
8,7
9,8
10,9
11,10
12,11
13,12
14,13
15,14
16,15
17,16
18,17
19,18
20,19
21,20
22,21
23,22
24,23
25,24
26,25
27,26
28,27
29,28
30,29
31,30
32,31
33,32
34,33
35,34
36,35
37,36
38,37
39,38
40,39
41,40
82,41
42,83
123,82
83,124
164,123
124,165
205,164
165,206
246,205
206,247
287,246
247,288
328,287
288,329
369,328
329,370
410,369
370,411
451,410
411,452
492,451
452,493
533,492
493,534
574,533
534,575
615,574
575,616
656,615
616,657
697,656
657,698
738,697
698,739
779,738
739,780
820,779
780,821
861,820
821,862
902,861
862,903
943,902
903,944
984,943
944,985
1025,984
985,1026
1066,1025
1026,1067
1107,1066
1067,1108
1148,1107
1108,1149
1189,1148
1149,1190
1230,1189
1190,1231
1271,1230
1231,1272
1312,1271
1272,1313
1353,1312
1313,1354
1394,1353
1354,1395
1435,1394
1395,1436
1476,1435
1436,1477
1517,1476
1477,1518
1558,1517
1518,1559
1599,1558
1559,1600
1640,1599
1600,1641
1641,1642
1642,1643
1643,1644
1644,1645
1645,1646
1646,1647
1647,1648
1648,1649
1649,1650
1650,1651
1651,1652
1652,1653
1653,1654
1654,1655
1655,1656
1656,1657
1657,1658
1658,1659
1659,1660
1660,1661
1661,1662
1662,1663
1663,1664
1664,1665
1665,1666
1666,1667
1667,1668
1668,1669
1669,1670
1670,1671
1671,1672
1672,1673
1673,1674
1674,1675
1675,1676
1676,1677
1677,1678
1678,1679
1679,1680
1681,1640
1680,1681
1
1
2
3
4
5
6
7
8
9
10
11
12
13
14
15
16
17
18
19
20
21
22
23
24
25
26
27
28
29
30
31
32
33
34
35
36
37
38
39
40
40
41
80
81
120
121
160
161
200
201
240
241
280
281
320
321
360
361
400
401
440
441
480
481
520
521
560
561
600
601
640
641
680
681
720
721
760
761
800
801
840
841
880
881
920
921
960
961
1000
1001
1040
1041
1080
1081
1120
1121
1160
1161
1200
1201
1240
1241
1280
1281
1320
1321
1360
1361
1400
1401
1440
1441
1480
1481
1520
1521
1560
1561
1561
1562
1563
1564
1565
1566
1567
1568
1569
1570
1571
1572
1573
1574
1575
1576
1577
1578
1579
1580
1581
1582
1583
1584
1585
1586
1587
1588
1589
1590
1591
1592
1593
1594
1595
1596
1597
1598
1599
1600
1600
1.001,0.0,0,L1,1
1.001,0.0,0,L1,1
1.002,0.0,0,B3,1
1.002,0.0,0,B3,1
1.001,0.0,0,L1,2
1.001,0.0,0,L1,2
1.001,0.0,0,L1,3
1.001,0.0,0,L1,3
1.001,0.0,0,L1,4
1.001,0.0,0,L1,4
1.001,0.0,0,L1,5
1.001,0.0,0,L1,5
1.001,0.0,0,L1,6
1.001,0.0,0,L1,6
1.001,0.0,0,L1,7
1.001,0.0,0,L1,7
1.001,0.0,0,L1,8
1.001,0.0,0,L1,8
1.001,0.0,0,L1,9
1.001,0.0,0,L1,9
1.001,0.0,0,L1,10
1.001,0.0,0,L1,10
1.001,0.0,0,L1,11
1.001,0.0,0,L1,11
1.001,0.0,0,L1,12
1.001,0.0,0,L1,12
1.001,0.0,0,L1,13
1.001,0.0,0,L1,13
1.001,0.0,0,L1,14
1.001,0.0,0,L1,14
1.001,0.0,0,L1,15
1.001,0.0,0,L1,15
1.001,0.0,0,L1,16
1.001,0.0,0,L1,16
1.001,0.0,0,L1,17
1.001,0.0,0,L1,17
1.001,0.0,0,L1,18
1.001,0.0,0,L1,18
1.001,0.0,0,L1,19
1.001,0.0,0,L1,19
1.001,0.0,0,L1,20
1.001,0.0,0,L1,20
1.001,0.0,0,L1,21
1.001,0.0,0,L1,21
1.001,0.0,0,L1,22
1.001,0.0,0,L1,22
1.001,0.0,0,L1,23
1.001,0.0,0,L1,23
1.001,0.0,0,L1,24
1.001,0.0,0,L1,24
1.001,0.0,0,L1,25
1.001,0.0,0,L1,25
1.001,0.0,0,L1,26
1.001,0.0,0,L1,26
1.001,0.0,0,L1,27
1.001,0.0,0,L1,27
1.001,0.0,0,L1,28
1.001,0.0,0,L1,28
1.001,0.0,0,L1,29
1.001,0.0,0,L1,29
1.001,0.0,0,L1,30
1.001,0.0,0,L1,30
1.001,0.0,0,L1,31
1.001,0.0,0,L1,31
1.001,0.0,0,L1,32
1.001,0.0,0,L1,32
1.001,0.0,0,L1,33
1.001,0.0,0,L1,33
1.001,0.0,0,L1,34
1.001,0.0,0,L1,34
1.001,0.0,0,L1,35
1.001,0.0,0,L1,35
1.001,0.0,0,L1,36
1.001,0.0,0,L1,36
1.001,0.0,0,L1,37
1.001,0.0,0,L1,37
1.001,0.0,0,L1,38
1.001,0.0,0,L1,38
1.001,0.0,0,L1,39
1.001,0.0,0,L1,39
1.001,0.0,0,L1,40
1.001,0.0,0,L1,40
1.004,0.0,0,T2,40
1.004,0.0,0,T2,40
1.002,0.0,0,B3,41
1.002,0.0,0,B3,41
1.004,0.0,0,T2,80
1.004,0.0,0,T2,80
1.002,0.0,0,B3,81
1.002,0.0,0,B3,81
1.004,0.0,0,T2,120
1.004,0.0,0,T2,120
1.002,0.0,0,B3,121
1.002,0.0,0,B3,121
1.004,0.0,0,T2,160
1.004,0.0,0,T2,160
1.002,0.0,0,B3,161
1.002,0.0,0,B3,161
1.004,0.0,0,T2,200
1.004,0.0,0,T2,200
1.002,0.0,0,B3,201
1.002,0.0,0,B3,201
1.004,0.0,0,T2,240
1.004,0.0,0,T2,240
1.002,0.0,0,B3,241
1.002,0.0,0,B3,241
1.004,0.0,0,T2,280
1.004,0.0,0,T2,280
1.002,0.0,0,B3,281
1.002,0.0,0,B3,281
1.004,0.0,0,T2,320
1.004,0.0,0,T2,320
1.002,0.0,0,B3,321
1.002,0.0,0,B3,321
1.004,0.0,0,T2,360
1.004,0.0,0,T2,360
1.002,0.0,0,B3,361
1.002,0.0,0,B3,361
1.004,0.0,0,T2,400
1.004,0.0,0,T2,400
1.002,0.0,0,B3,401
1.002,0.0,0,B3,401
1.004,0.0,0,T2,440
1.004,0.0,0,T2,440
1.002,0.0,0,B3,441
1.002,0.0,0,B3,441
1.004,0.0,0,T2,480
1.004,0.0,0,T2,480
1.002,0.0,0,B3,481
1.002,0.0,0,B3,481
1.004,0.0,0,T2,520
1.004,0.0,0,T2,520
1.002,0.0,0,B3,521
1.002,0.0,0,B3,521
1.004,0.0,0,T2,560
1.004,0.0,0,T2,560
1.002,0.0,0,B3,561
1.002,0.0,0,B3,561
1.004,0.0,0,T2,600
1.004,0.0,0,T2,600
1.002,0.0,0,B3,601
1.002,0.0,0,B3,601
1.004,0.0,0,T2,640
1.004,0.0,0,T2,640
1.002,0.0,0,B3,641
1.002,0.0,0,B3,641
1.004,0.0,0,T2,680
1.004,0.0,0,T2,680
1.002,0.0,0,B3,681
1.002,0.0,0,B3,681
1.004,0.0,0,T2,720
1.004,0.0,0,T2,720
1.002,0.0,0,B3,721
1.002,0.0,0,B3,721
1.004,0.0,0,T2,760
1.004,0.0,0,T2,760
1.002,0.0,0,B3,761
1.002,0.0,0,B3,761
1.004,0.0,0,T2,800
1.004,0.0,0,T2,800
1.002,0.0,0,B3,801
1.002,0.0,0,B3,801
1.004,0.0,0,T2,840
1.004,0.0,0,T2,840
1.002,0.0,0,B3,841
1.002,0.0,0,B3,841
1.004,0.0,0,T2,880
1.004,0.0,0,T2,880
1.002,0.0,0,B3,881
1.002,0.0,0,B3,881
1.004,0.0,0,T2,920
1.004,0.0,0,T2,920
1.002,0.0,0,B3,921
1.002,0.0,0,B3,921
1.004,0.0,0,T2,960
1.004,0.0,0,T2,960
1.002,0.0,0,B3,961
1.002,0.0,0,B3,961
1.004,0.0,0,T2,1000
1.004,0.0,0,T2,1000
1.002,0.0,0,B3,1001
1.002,0.0,0,B3,1001
1.004,0.0,0,T2,1040
1.004,0.0,0,T2,1040
1.002,0.0,0,B3,1041
1.002,0.0,0,B3,1041
1.004,0.0,0,T2,1080
1.004,0.0,0,T2,1080
1.002,0.0,0,B3,1081
1.002,0.0,0,B3,1081
1.004,0.0,0,T2,1120
1.004,0.0,0,T2,1120
1.002,0.0,0,B3,1121
1.002,0.0,0,B3,1121
1.004,0.0,0,T2,1160
1.004,0.0,0,T2,1160
1.002,0.0,0,B3,1161
1.002,0.0,0,B3,1161
1.004,0.0,0,T2,1200
1.004,0.0,0,T2,1200
1.002,0.0,0,B3,1201
1.002,0.0,0,B3,1201
1.004,0.0,0,T2,1240
1.004,0.0,0,T2,1240
1.002,0.0,0,B3,1241
1.002,0.0,0,B3,1241
1.004,0.0,0,T2,1280
1.004,0.0,0,T2,1280
1.002,0.0,0,B3,1281
1.002,0.0,0,B3,1281
1.004,0.0,0,T2,1320
1.004,0.0,0,T2,1320
1.002,0.0,0,B3,1321
1.002,0.0,0,B3,1321
1.004,0.0,0,T2,1360
1.004,0.0,0,T2,1360
1.002,0.0,0,B3,1361
1.002,0.0,0,B3,1361
1.004,0.0,0,T2,1400
1.004,0.0,0,T2,1400
1.002,0.0,0,B3,1401
1.002,0.0,0,B3,1401
1.004,0.0,0,T2,1440
1.004,0.0,0,T2,1440
1.002,0.0,0,B3,1441
1.002,0.0,0,B3,1441
1.004,0.0,0,T2,1480
1.004,0.0,0,T2,1480
1.002,0.0,0,B3,1481
1.002,0.0,0,B3,1481
1.004,0.0,0,T2,1520
1.004,0.0,0,T2,1520
1.002,0.0,0,B3,1521
1.002,0.0,0,B3,1521
1.004,0.0,0,T2,1560
1.004,0.0,0,T2,1560
1.002,0.0,0,B3,1561
1.002,0.0,0,B3,1561
1.003,0.0,0,R4,1561
1.003,0.0,0,R4,1561
1.003,0.0,0,R4,1562
1.003,0.0,0,R4,1562
1.003,0.0,0,R4,1563
1.003,0.0,0,R4,1563
1.003,0.0,0,R4,1564
1.003,0.0,0,R4,1564
1.003,0.0,0,R4,1565
1.003,0.0,0,R4,1565
1.003,0.0,0,R4,1566
1.003,0.0,0,R4,1566
1.003,0.0,0,R4,1567
1.003,0.0,0,R4,1567
1.003,0.0,0,R4,1568
1.003,0.0,0,R4,1568
1.003,0.0,0,R4,1569
1.003,0.0,0,R4,1569
1.003,0.0,0,R4,1570
1.003,0.0,0,R4,1570
1.003,0.0,0,R4,1571
1.003,0.0,0,R4,1571
1.003,0.0,0,R4,1572
1.003,0.0,0,R4,1572
1.003,0.0,0,R4,1573
1.003,0.0,0,R4,1573
1.003,0.0,0,R4,1574
1.003,0.0,0,R4,1574
1.003,0.0,0,R4,1575
1.003,0.0,0,R4,1575
1.003,0.0,0,R4,1576
1.003,0.0,0,R4,1576
1.003,0.0,0,R4,1577
1.003,0.0,0,R4,1577
1.003,0.0,0,R4,1578
1.003,0.0,0,R4,1578
1.003,0.0,0,R4,1579
1.003,0.0,0,R4,1579
1.003,0.0,0,R4,1580
1.003,0.0,0,R4,1580
1.003,0.0,0,R4,1581
1.003,0.0,0,R4,1581
1.003,0.0,0,R4,1582
1.003,0.0,0,R4,1582
1.003,0.0,0,R4,1583
1.003,0.0,0,R4,1583
1.003,0.0,0,R4,1584
1.003,0.0,0,R4,1584
1.003,0.0,0,R4,1585
1.003,0.0,0,R4,1585
1.003,0.0,0,R4,1586
1.003,0.0,0,R4,1586
1.003,0.0,0,R4,1587
1.003,0.0,0,R4,1587
1.003,0.0,0,R4,1588
1.003,0.0,0,R4,1588
1.003,0.0,0,R4,1589
1.003,0.0,0,R4,1589
1.003,0.0,0,R4,1590
1.003,0.0,0,R4,1590
1.003,0.0,0,R4,1591
1.003,0.0,0,R4,1591
1.003,0.0,0,R4,1592
1.003,0.0,0,R4,1592
1.003,0.0,0,R4,1593
1.003,0.0,0,R4,1593
1.003,0.0,0,R4,1594
1.003,0.0,0,R4,1594
1.003,0.0,0,R4,1595
1.003,0.0,0,R4,1595
1.003,0.0,0,R4,1596
1.003,0.0,0,R4,1596
1.003,0.0,0,R4,1597
1.003,0.0,0,R4,1597
1.003,0.0,0,R4,1598
1.003,0.0,0,R4,1598
1.003,0.0,0,R4,1599
1.003,0.0,0,R4,1599
1.004,0.0,0,T2,1600
1.004,0.0,0,T2,1600
1.003,0.0,0,R4,1600
1.003,0.0,0,R4,1600
0,1,312.0,L1,1
0,1,312.0,L1,1
1.002,0.0,0.0,B3,1
1.002,0.0,0.0,B3,1
0,1,312.0,L1,2
0,1,312.0,L1,2
0,1,312.0,L1,3
0,1,312.0,L1,3
0,1,312.0,L1,4
0,1,312.0,L1,4
0,1,312.0,L1,5
0,1,312.0,L1,5
0,1,312.0,L1,6
0,1,312.0,L1,6
0,1,312.0,L1,7
0,1,312.0,L1,7
0,1,312.0,L1,8
0,1,312.0,L1,8
0,1,312.0,L1,9
0,1,312.0,L1,9
0,1,312.0,L1,10
0,1,312.0,L1,10
0,1,312.0,L1,11
0,1,312.0,L1,11
0,1,312.0,L1,12
0,1,312.0,L1,12
0,1,312.0,L1,13
0,1,312.0,L1,13
0,1,312.0,L1,14
0,1,312.0,L1,14
0,1,312.0,L1,15
0,1,312.0,L1,15
0,1,312.0,L1,16
0,1,312.0,L1,16
0,1,312.0,L1,17
0,1,312.0,L1,17
0,1,312.0,L1,18
0,1,312.0,L1,18
0,1,312.0,L1,19
0,1,312.0,L1,19
0,1,312.0,L1,20
0,1,312.0,L1,20
0,1,312.0,L1,21
0,1,312.0,L1,21
0,1,312.0,L1,22
0,1,312.0,L1,22
0,1,312.0,L1,23
0,1,312.0,L1,23
0,1,312.0,L1,24
0,1,312.0,L1,24
0,1,312.0,L1,25
0,1,312.0,L1,25
0,1,312.0,L1,26
0,1,312.0,L1,26
0,1,312.0,L1,27
0,1,312.0,L1,27
0,1,312.0,L1,28
0,1,312.0,L1,28
0,1,312.0,L1,29
0,1,312.0,L1,29
0,1,312.0,L1,30
0,1,312.0,L1,30
0,1,312.0,L1,31
0,1,312.0,L1,31
0,1,312.0,L1,32
0,1,312.0,L1,32
0,1,312.0,L1,33
0,1,312.0,L1,33
0,1,312.0,L1,34
0,1,312.0,L1,34
0,1,312.0,L1,35
0,1,312.0,L1,35
0,1,312.0,L1,36
0,1,312.0,L1,36
0,1,312.0,L1,37
0,1,312.0,L1,37
0,1,312.0,L1,38
0,1,312.0,L1,38
0,1,312.0,L1,39
0,1,312.0,L1,39
0,1,312.0,L1,40
0,1,312.0,L1,40
1.004,0.0,0,T2,40
1.004,0.0,0,T2,40
1.002,0.0,0.0,B3,41
1.002,0.0,0.0,B3,41
1.004,0.0,0,T2,80
1.004,0.0,0,T2,80
1.002,0.0,0.0,B3,81
1.002,0.0,0.0,B3,81
1.004,0.0,0,T2,120
1.004,0.0,0,T2,120
1.002,0.0,0.0,B3,121
1.002,0.0,0.0,B3,121
1.004,0.0,0,T2,160
1.004,0.0,0,T2,160
1.002,0.0,0.0,B3,161
1.002,0.0,0.0,B3,161
1.004,0.0,0,T2,200
1.004,0.0,0,T2,200
1.002,0.0,0.0,B3,201
1.002,0.0,0.0,B3,201
1.004,0.0,0,T2,240
1.004,0.0,0,T2,240
1.002,0.0,0.0,B3,241
1.002,0.0,0.0,B3,241
1.004,0.0,0,T2,280
1.004,0.0,0,T2,280
1.002,0.0,0.0,B3,281
1.002,0.0,0.0,B3,281
1.004,0.0,0,T2,320
1.004,0.0,0,T2,320
1.002,0.0,0.0,B3,321
1.002,0.0,0.0,B3,321
1.004,0.0,0,T2,360
1.004,0.0,0,T2,360
1.002,0.0,0.0,B3,361
1.002,0.0,0.0,B3,361
1.004,0.0,0,T2,400
1.004,0.0,0,T2,400
1.002,0.0,0.0,B3,401
1.002,0.0,0.0,B3,401
1.004,0.0,0,T2,440
1.004,0.0,0,T2,440
1.002,0.0,0.0,B3,441
1.002,0.0,0.0,B3,441
1.004,0.0,0,T2,480
1.004,0.0,0,T2,480
1.002,0.0,0.0,B3,481
1.002,0.0,0.0,B3,481
1.004,0.0,0,T2,520
1.004,0.0,0,T2,520
1.002,0.0,0.0,B3,521
1.002,0.0,0.0,B3,521
1.004,0.0,0,T2,560
1.004,0.0,0,T2,560
1.002,0.0,0.0,B3,561
1.002,0.0,0.0,B3,561
1.004,0.0,0,T2,600
1.004,0.0,0,T2,600
1.002,0.0,0.0,B3,601
1.002,0.0,0.0,B3,601
1.004,0.0,0,T2,640
1.004,0.0,0,T2,640
1.002,0.0,0.0,B3,641
1.002,0.0,0.0,B3,641
1.004,0.0,0,T2,680
1.004,0.0,0,T2,680
1.002,0.0,0.0,B3,681
1.002,0.0,0.0,B3,681
1.004,0.0,0,T2,720
1.004,0.0,0,T2,720
1.002,0.0,0.0,B3,721
1.002,0.0,0.0,B3,721
1.004,0.0,0,T2,760
1.004,0.0,0,T2,760
1.002,0.0,0.0,B3,761
1.002,0.0,0.0,B3,761
1.004,0.0,0,T2,800
1.004,0.0,0,T2,800
1.002,0.0,0.0,B3,801
1.002,0.0,0.0,B3,801
1.004,0.0,0,T2,840
1.004,0.0,0,T2,840
1.002,0.0,0.0,B3,841
1.002,0.0,0.0,B3,841
1.004,0.0,0,T2,880
1.004,0.0,0,T2,880
1.002,0.0,0.0,B3,881
1.002,0.0,0.0,B3,881
1.004,0.0,0,T2,920
1.004,0.0,0,T2,920
1.002,0.0,0.0,B3,921
1.002,0.0,0.0,B3,921
1.004,0.0,0,T2,960
1.004,0.0,0,T2,960
1.002,0.0,0.0,B3,961
1.002,0.0,0.0,B3,961
1.004,0.0,0,T2,1000
1.004,0.0,0,T2,1000
1.002,0.0,0.0,B3,1001
1.002,0.0,0.0,B3,1001
1.004,0.0,0,T2,1040
1.004,0.0,0,T2,1040
1.002,0.0,0.0,B3,1041
1.002,0.0,0.0,B3,1041
1.004,0.0,0,T2,1080
1.004,0.0,0,T2,1080
1.002,0.0,0.0,B3,1081
1.002,0.0,0.0,B3,1081
1.004,0.0,0,T2,1120
1.004,0.0,0,T2,1120
1.002,0.0,0.0,B3,1121
1.002,0.0,0.0,B3,1121
1.004,0.0,0,T2,1160
1.004,0.0,0,T2,1160
1.002,0.0,0.0,B3,1161
1.002,0.0,0.0,B3,1161
1.004,0.0,0,T2,1200
1.004,0.0,0,T2,1200
1.002,0.0,0.0,B3,1201
1.002,0.0,0.0,B3,1201
1.004,0.0,0,T2,1240
1.004,0.0,0,T2,1240
1.002,0.0,0.0,B3,1241
1.002,0.0,0.0,B3,1241
1.004,0.0,0,T2,1280
1.004,0.0,0,T2,1280
1.002,0.0,0.0,B3,1281
1.002,0.0,0.0,B3,1281
1.004,0.0,0,T2,1320
1.004,0.0,0,T2,1320
1.002,0.0,0.0,B3,1321
1.002,0.0,0.0,B3,1321
1.004,0.0,0,T2,1360
1.004,0.0,0,T2,1360
1.002,0.0,0.0,B3,1361
1.002,0.0,0.0,B3,1361
1.004,0.0,0,T2,1400
1.004,0.0,0,T2,1400
1.002,0.0,0.0,B3,1401
1.002,0.0,0.0,B3,1401
1.004,0.0,0,T2,1440
1.004,0.0,0,T2,1440
1.002,0.0,0.0,B3,1441
1.002,0.0,0.0,B3,1441
1.004,0.0,0,T2,1480
1.004,0.0,0,T2,1480
1.002,0.0,0.0,B3,1481
1.002,0.0,0.0,B3,1481
1.004,0.0,0,T2,1520
1.004,0.0,0,T2,1520
1.002,0.0,0.0,B3,1521
1.002,0.0,0.0,B3,1521
1.004,0.0,0,T2,1560
1.004,0.0,0,T2,1560
1.002,0.0,0.0,B3,1561
1.002,0.0,0.0,B3,1561
0,1,300.0,R4,1561
0,1,300.0,R4,1561
0,1,300.0,R4,1562
0,1,300.0,R4,1562
0,1,300.0,R4,1563
0,1,300.0,R4,1563
0,1,300.0,R4,1564
0,1,300.0,R4,1564
0,1,300.0,R4,1565
0,1,300.0,R4,1565
0,1,300.0,R4,1566
0,1,300.0,R4,1566
0,1,300.0,R4,1567
0,1,300.0,R4,1567
0,1,300.0,R4,1568
0,1,300.0,R4,1568
0,1,300.0,R4,1569
0,1,300.0,R4,1569
0,1,300.0,R4,1570
0,1,300.0,R4,1570
0,1,300.0,R4,1571
0,1,300.0,R4,1571
0,1,300.0,R4,1572
0,1,300.0,R4,1572
0,1,300.0,R4,1573
0,1,300.0,R4,1573
0,1,300.0,R4,1574
0,1,300.0,R4,1574
0,1,300.0,R4,1575
0,1,300.0,R4,1575
0,1,300.0,R4,1576
0,1,300.0,R4,1576
0,1,300.0,R4,1577
0,1,300.0,R4,1577
0,1,300.0,R4,1578
0,1,300.0,R4,1578
0,1,300.0,R4,1579
0,1,300.0,R4,1579
0,1,300.0,R4,1580
0,1,300.0,R4,1580
0,1,300.0,R4,1581
0,1,300.0,R4,1581
0,1,300.0,R4,1582
0,1,300.0,R4,1582
0,1,300.0,R4,1583
0,1,300.0,R4,1583
0,1,300.0,R4,1584
0,1,300.0,R4,1584
0,1,300.0,R4,1585
0,1,300.0,R4,1585
0,1,300.0,R4,1586
0,1,300.0,R4,1586
0,1,300.0,R4,1587
0,1,300.0,R4,1587
0,1,300.0,R4,1588
0,1,300.0,R4,1588
0,1,300.0,R4,1589
0,1,300.0,R4,1589
0,1,300.0,R4,1590
0,1,300.0,R4,1590
0,1,300.0,R4,1591
0,1,300.0,R4,1591
0,1,300.0,R4,1592
0,1,300.0,R4,1592
0,1,300.0,R4,1593
0,1,300.0,R4,1593
0,1,300.0,R4,1594
0,1,300.0,R4,1594
0,1,300.0,R4,1595
0,1,300.0,R4,1595
0,1,300.0,R4,1596
0,1,300.0,R4,1596
0,1,300.0,R4,1597
0,1,300.0,R4,1597
0,1,300.0,R4,1598
0,1,300.0,R4,1598
0,1,300.0,R4,1599
0,1,300.0,R4,1599
1.004,0.0,0,T2,1600
1.004,0.0,0,T2,1600
0,1,300.0,R4,1600
0,1,300.0,R4,1600
0,1,0,L1,1
0,1,0,L1,1
0,1,0,B3,1
0,1,0,B3,1
0,1,0,L1,2
0,1,0,L1,2
0,1,0,L1,3
0,1,0,L1,3
0,1,0,L1,4
0,1,0,L1,4
0,1,0,L1,5
0,1,0,L1,5
0,1,0,L1,6
0,1,0,L1,6
0,1,0,L1,7
0,1,0,L1,7
0,1,0,L1,8
0,1,0,L1,8
0,1,0,L1,9
0,1,0,L1,9
0,1,0,L1,10
0,1,0,L1,10
0,1,0,L1,11
0,1,0,L1,11
0,1,0,L1,12
0,1,0,L1,12
0,1,0,L1,13
0,1,0,L1,13
0,1,0,L1,14
0,1,0,L1,14
0,1,0,L1,15
0,1,0,L1,15
0,1,0,L1,16
0,1,0,L1,16
0,1,0,L1,17
0,1,0,L1,17
0,1,0,L1,18
0,1,0,L1,18
0,1,0,L1,19
0,1,0,L1,19
0,1,0,L1,20
0,1,0,L1,20
0,1,0,L1,21
0,1,0,L1,21
0,1,0,L1,22
0,1,0,L1,22
0,1,0,L1,23
0,1,0,L1,23
0,1,0,L1,24
0,1,0,L1,24
0,1,0,L1,25
0,1,0,L1,25
0,1,0,L1,26
0,1,0,L1,26
0,1,0,L1,27
0,1,0,L1,27
0,1,0,L1,28
0,1,0,L1,28
0,1,0,L1,29
0,1,0,L1,29
0,1,0,L1,30
0,1,0,L1,30
0,1,0,L1,31
0,1,0,L1,31
0,1,0,L1,32
0,1,0,L1,32
0,1,0,L1,33
0,1,0,L1,33
0,1,0,L1,34
0,1,0,L1,34
0,1,0,L1,35
0,1,0,L1,35
0,1,0,L1,36
0,1,0,L1,36
0,1,0,L1,37
0,1,0,L1,37
0,1,0,L1,38
0,1,0,L1,38
0,1,0,L1,39
0,1,0,L1,39
0,1,0,L1,40
0,1,0,L1,40
0,1,0,T2,40
0,1,0,T2,40
0,1,0,B3,41
0,1,0,B3,41
0,1,0,T2,80
0,1,0,T2,80
0,1,0,B3,81
0,1,0,B3,81
0,1,0,T2,120
0,1,0,T2,120
0,1,0,B3,121
0,1,0,B3,121
0,1,0,T2,160
0,1,0,T2,160
0,1,0,B3,161
0,1,0,B3,161
0,1,0,T2,200
0,1,0,T2,200
0,1,0,B3,201
0,1,0,B3,201
0,1,0,T2,240
0,1,0,T2,240
0,1,0,B3,241
0,1,0,B3,241
0,1,0,T2,280
0,1,0,T2,280
0,1,0,B3,281
0,1,0,B3,281
0,1,0,T2,320
0,1,0,T2,320
0,1,0,B3,321
0,1,0,B3,321
0,1,0,T2,360
0,1,0,T2,360
0,1,0,B3,361
0,1,0,B3,361
0,1,0,T2,400
0,1,0,T2,400
0,1,0,B3,401
0,1,0,B3,401
0,1,0,T2,440
0,1,0,T2,440
0,1,0,B3,441
0,1,0,B3,441
0,1,0,T2,480
0,1,0,T2,480
0,1,0,B3,481
0,1,0,B3,481
0,1,0,T2,520
0,1,0,T2,520
0,1,0,B3,521
0,1,0,B3,521
0,1,0,T2,560
0,1,0,T2,560
0,1,0,B3,561
0,1,0,B3,561
0,1,0,T2,600
0,1,0,T2,600
0,1,0,B3,601
0,1,0,B3,601
0,1,0,T2,640
0,1,0,T2,640
0,1,0,B3,641
0,1,0,B3,641
0,1,0,T2,680
0,1,0,T2,680
0,1,0,B3,681
0,1,0,B3,681
0,1,0,T2,720
0,1,0,T2,720
0,1,0,B3,721
0,1,0,B3,721
0,1,0,T2,760
0,1,0,T2,760
0,1,0,B3,761
0,1,0,B3,761
0,1,0,T2,800
0,1,0,T2,800
0,1,0,B3,801
0,1,0,B3,801
0,1,0,T2,840
0,1,0,T2,840
0,1,0,B3,841
0,1,0,B3,841
0,1,0,T2,880
0,1,0,T2,880
0,1,0,B3,881
0,1,0,B3,881
0,1,0,T2,920
0,1,0,T2,920
0,1,0,B3,921
0,1,0,B3,921
0,1,0,T2,960
0,1,0,T2,960
0,1,0,B3,961
0,1,0,B3,961
0,1,0,T2,1000
0,1,0,T2,1000
0,1,0,B3,1001
0,1,0,B3,1001
0,1,0,T2,1040
0,1,0,T2,1040
0,1,0,B3,1041
0,1,0,B3,1041
0,1,0,T2,1080
0,1,0,T2,1080
0,1,0,B3,1081
0,1,0,B3,1081
0,1,0,T2,1120
0,1,0,T2,1120
0,1,0,B3,1121
0,1,0,B3,1121
0,1,0,T2,1160
0,1,0,T2,1160
0,1,0,B3,1161
0,1,0,B3,1161
0,1,0,T2,1200
0,1,0,T2,1200
0,1,0,B3,1201
0,1,0,B3,1201
0,1,0,T2,1240
0,1,0,T2,1240
0,1,0,B3,1241
0,1,0,B3,1241
0,1,0,T2,1280
0,1,0,T2,1280
0,1,0,B3,1281
0,1,0,B3,1281
0,1,0,T2,1320
0,1,0,T2,1320
0,1,0,B3,1321
0,1,0,B3,1321
0,1,0,T2,1360
0,1,0,T2,1360
0,1,0,B3,1361
0,1,0,B3,1361
0,1,0,T2,1400
0,1,0,T2,1400
0,1,0,B3,1401
0,1,0,B3,1401
0,1,0,T2,1440
0,1,0,T2,1440
0,1,0,B3,1441
0,1,0,B3,1441
0,1,0,T2,1480
0,1,0,T2,1480
0,1,0,B3,1481
0,1,0,B3,1481
0,1,0,T2,1520
0,1,0,T2,1520
0,1,0,B3,1521
0,1,0,B3,1521
0,1,0,T2,1560
0,1,0,T2,1560
0,1,0,B3,1561
0,1,0,B3,1561
0,1,0,R4,1561
0,1,0,R4,1561
0,1,0,R4,1562
0,1,0,R4,1562
0,1,0,R4,1563
0,1,0,R4,1563
0,1,0,R4,1564
0,1,0,R4,1564
0,1,0,R4,1565
0,1,0,R4,1565
0,1,0,R4,1566
0,1,0,R4,1566
0,1,0,R4,1567
0,1,0,R4,1567
0,1,0,R4,1568
0,1,0,R4,1568
0,1,0,R4,1569
0,1,0,R4,1569
0,1,0,R4,1570
0,1,0,R4,1570
0,1,0,R4,1571
0,1,0,R4,1571
0,1,0,R4,1572
0,1,0,R4,1572
0,1,0,R4,1573
0,1,0,R4,1573
0,1,0,R4,1574
0,1,0,R4,1574
0,1,0,R4,1575
0,1,0,R4,1575
0,1,0,R4,1576
0,1,0,R4,1576
0,1,0,R4,1577
0,1,0,R4,1577
0,1,0,R4,1578
0,1,0,R4,1578
0,1,0,R4,1579
0,1,0,R4,1579
0,1,0,R4,1580
0,1,0,R4,1580
0,1,0,R4,1581
0,1,0,R4,1581
0,1,0,R4,1582
0,1,0,R4,1582
0,1,0,R4,1583
0,1,0,R4,1583
0,1,0,R4,1584
0,1,0,R4,1584
0,1,0,R4,1585
0,1,0,R4,1585
0,1,0,R4,1586
0,1,0,R4,1586
0,1,0,R4,1587
0,1,0,R4,1587
0,1,0,R4,1588
0,1,0,R4,1588
0,1,0,R4,1589
0,1,0,R4,1589
0,1,0,R4,1590
0,1,0,R4,1590
0,1,0,R4,1591
0,1,0,R4,1591
0,1,0,R4,1592
0,1,0,R4,1592
0,1,0,R4,1593
0,1,0,R4,1593
0,1,0,R4,1594
0,1,0,R4,1594
0,1,0,R4,1595
0,1,0,R4,1595
0,1,0,R4,1596
0,1,0,R4,1596
0,1,0,R4,1597
0,1,0,R4,1597
0,1,0,R4,1598
0,1,0,R4,1598
0,1,0,R4,1599
0,1,0,R4,1599
0,1,0,T2,1600
0,1,0,T2,1600
0,1,0,R4,1600
0,1,0,R4,1600
0,1,0,L1,1
0,1,0,L1,1
0,1,0,B3,1
0,1,0,B3,1
0,1,0,L1,2
0,1,0,L1,2
0,1,0,L1,3
0,1,0,L1,3
0,1,0,L1,4
0,1,0,L1,4
0,1,0,L1,5
0,1,0,L1,5
0,1,0,L1,6
0,1,0,L1,6
0,1,0,L1,7
0,1,0,L1,7
0,1,0,L1,8
0,1,0,L1,8
0,1,0,L1,9
0,1,0,L1,9
0,1,0,L1,10
0,1,0,L1,10
0,1,0,L1,11
0,1,0,L1,11
0,1,0,L1,12
0,1,0,L1,12
0,1,0,L1,13
0,1,0,L1,13
0,1,0,L1,14
0,1,0,L1,14
0,1,0,L1,15
0,1,0,L1,15
0,1,0,L1,16
0,1,0,L1,16
0,1,0,L1,17
0,1,0,L1,17
0,1,0,L1,18
0,1,0,L1,18
0,1,0,L1,19
0,1,0,L1,19
0,1,0,L1,20
0,1,0,L1,20
0,1,0,L1,21
0,1,0,L1,21
0,1,0,L1,22
0,1,0,L1,22
0,1,0,L1,23
0,1,0,L1,23
0,1,0,L1,24
0,1,0,L1,24
0,1,0,L1,25
0,1,0,L1,25
0,1,0,L1,26
0,1,0,L1,26
0,1,0,L1,27
0,1,0,L1,27
0,1,0,L1,28
0,1,0,L1,28
0,1,0,L1,29
0,1,0,L1,29
0,1,0,L1,30
0,1,0,L1,30
0,1,0,L1,31
0,1,0,L1,31
0,1,0,L1,32
0,1,0,L1,32
0,1,0,L1,33
0,1,0,L1,33
0,1,0,L1,34
0,1,0,L1,34
0,1,0,L1,35
0,1,0,L1,35
0,1,0,L1,36
0,1,0,L1,36
0,1,0,L1,37
0,1,0,L1,37
0,1,0,L1,38
0,1,0,L1,38
0,1,0,L1,39
0,1,0,L1,39
0,1,0,L1,40
0,1,0,L1,40
0,1,0,T2,40
0,1,0,T2,40
0,1,0,B3,41
0,1,0,B3,41
0,1,0,T2,80
0,1,0,T2,80
0,1,0,B3,81
0,1,0,B3,81
0,1,0,T2,120
0,1,0,T2,120
0,1,0,B3,121
0,1,0,B3,121
0,1,0,T2,160
0,1,0,T2,160
0,1,0,B3,161
0,1,0,B3,161
0,1,0,T2,200
0,1,0,T2,200
0,1,0,B3,201
0,1,0,B3,201
0,1,0,T2,240
0,1,0,T2,240
0,1,0,B3,241
0,1,0,B3,241
0,1,0,T2,280
0,1,0,T2,280
0,1,0,B3,281
0,1,0,B3,281
0,1,0,T2,320
0,1,0,T2,320
0,1,0,B3,321
0,1,0,B3,321
0,1,0,T2,360
0,1,0,T2,360
0,1,0,B3,361
0,1,0,B3,361
0,1,0,T2,400
0,1,0,T2,400
0,1,0,B3,401
0,1,0,B3,401
0,1,0,T2,440
0,1,0,T2,440
0,1,0,B3,441
0,1,0,B3,441
0,1,0,T2,480
0,1,0,T2,480
0,1,0,B3,481
0,1,0,B3,481
0,1,0,T2,520
0,1,0,T2,520
0,1,0,B3,521
0,1,0,B3,521
0,1,0,T2,560
0,1,0,T2,560
0,1,0,B3,561
0,1,0,B3,561
0,1,0,T2,600
0,1,0,T2,600
0,1,0,B3,601
0,1,0,B3,601
0,1,0,T2,640
0,1,0,T2,640
0,1,0,B3,641
0,1,0,B3,641
0,1,0,T2,680
0,1,0,T2,680
0,1,0,B3,681
0,1,0,B3,681
0,1,0,T2,720
0,1,0,T2,720
0,1,0,B3,721
0,1,0,B3,721
0,1,0,T2,760
0,1,0,T2,760
0,1,0,B3,761
0,1,0,B3,761
0,1,0,T2,800
0,1,0,T2,800
0,1,0,B3,801
0,1,0,B3,801
0,1,0,T2,840
0,1,0,T2,840
0,1,0,B3,841
0,1,0,B3,841
0,1,0,T2,880
0,1,0,T2,880
0,1,0,B3,881
0,1,0,B3,881
0,1,0,T2,920
0,1,0,T2,920
0,1,0,B3,921
0,1,0,B3,921
0,1,0,T2,960
0,1,0,T2,960
0,1,0,B3,961
0,1,0,B3,961
0,1,0,T2,1000
0,1,0,T2,1000
0,1,0,B3,1001
0,1,0,B3,1001
0,1,0,T2,1040
0,1,0,T2,1040
0,1,0,B3,1041
0,1,0,B3,1041
0,1,0,T2,1080
0,1,0,T2,1080
0,1,0,B3,1081
0,1,0,B3,1081
0,1,0,T2,1120
0,1,0,T2,1120
0,1,0,B3,1121
0,1,0,B3,1121
0,1,0,T2,1160
0,1,0,T2,1160
0,1,0,B3,1161
0,1,0,B3,1161
0,1,0,T2,1200
0,1,0,T2,1200
0,1,0,B3,1201
0,1,0,B3,1201
0,1,0,T2,1240
0,1,0,T2,1240
0,1,0,B3,1241
0,1,0,B3,1241
0,1,0,T2,1280
0,1,0,T2,1280
0,1,0,B3,1281
0,1,0,B3,1281
0,1,0,T2,1320
0,1,0,T2,1320
0,1,0,B3,1321
0,1,0,B3,1321
0,1,0,T2,1360
0,1,0,T2,1360
0,1,0,B3,1361
0,1,0,B3,1361
0,1,0,T2,1400
0,1,0,T2,1400
0,1,0,B3,1401
0,1,0,B3,1401
0,1,0,T2,1440
0,1,0,T2,1440
0,1,0,B3,1441
0,1,0,B3,1441
0,1,0,T2,1480
0,1,0,T2,1480
0,1,0,B3,1481
0,1,0,B3,1481
0,1,0,T2,1520
0,1,0,T2,1520
0,1,0,B3,1521
0,1,0,B3,1521
0,1,0,T2,1560
0,1,0,T2,1560
0,1,0,B3,1561
0,1,0,B3,1561
0,1,0,R4,1561
0,1,0,R4,1561
0,1,0,R4,1562
0,1,0,R4,1562
0,1,0,R4,1563
0,1,0,R4,1563
0,1,0,R4,1564
0,1,0,R4,1564
0,1,0,R4,1565
0,1,0,R4,1565
0,1,0,R4,1566
0,1,0,R4,1566
0,1,0,R4,1567
0,1,0,R4,1567
0,1,0,R4,1568
0,1,0,R4,1568
0,1,0,R4,1569
0,1,0,R4,1569
0,1,0,R4,1570
0,1,0,R4,1570
0,1,0,R4,1571
0,1,0,R4,1571
0,1,0,R4,1572
0,1,0,R4,1572
0,1,0,R4,1573
0,1,0,R4,1573
0,1,0,R4,1574
0,1,0,R4,1574
0,1,0,R4,1575
0,1,0,R4,1575
0,1,0,R4,1576
0,1,0,R4,1576
0,1,0,R4,1577
0,1,0,R4,1577
0,1,0,R4,1578
0,1,0,R4,1578
0,1,0,R4,1579
0,1,0,R4,1579
0,1,0,R4,1580
0,1,0,R4,1580
0,1,0,R4,1581
0,1,0,R4,1581
0,1,0,R4,1582
0,1,0,R4,1582
0,1,0,R4,1583
0,1,0,R4,1583
0,1,0,R4,1584
0,1,0,R4,1584
0,1,0,R4,1585
0,1,0,R4,1585
0,1,0,R4,1586
0,1,0,R4,1586
0,1,0,R4,1587
0,1,0,R4,1587
0,1,0,R4,1588
0,1,0,R4,1588
0,1,0,R4,1589
0,1,0,R4,1589
0,1,0,R4,1590
0,1,0,R4,1590
0,1,0,R4,1591
0,1,0,R4,1591
0,1,0,R4,1592
0,1,0,R4,1592
0,1,0,R4,1593
0,1,0,R4,1593
0,1,0,R4,1594
0,1,0,R4,1594
0,1,0,R4,1595
0,1,0,R4,1595
0,1,0,R4,1596
0,1,0,R4,1596
0,1,0,R4,1597
0,1,0,R4,1597
0,1,0,R4,1598
0,1,0,R4,1598
0,1,0,R4,1599
0,1,0,R4,1599
0,1,0,T2,1600
0,1,0,T2,1600
0,1,0,R4,1600
0,1,0,R4,1600
