1,312.0,0.0,1.18,0.0,0.0,0.0,0.0,1.0,0.0
2,312.0,0.0,1.18,0.0,0.0,0.0,0.0,1.0,5.276776088644019e-48
3,312.0,0.0,1.18,0.0,0.0,0.0,0.0,1.0,4.2730170775916126e-48
4,312.0,0.0,1.18,0.0,0.0,0.0,0.0,1.0,1.2902116367695702e-48
5,312.0,0.0,1.18,0.0,0.0,0.0,0.0,1.0,2.783704126148479e-51
6,312.0,0.0,1.18,0.0,0.0,0.0,0.0,1.0,9.795082939221879e-49
7,312.0,0.0,1.18,0.0,0.0,0.0,0.0,1.0,3.539610567510194e-48
8,312.0,0.0,1.18,0.0,0.0,0.0,0.0,1.0,6.247047988715393e-48
9,312.0,0.0,1.18,0.0,0.0,0.0,0.0,1.0,7.014765907241976e-48
10,312.0,0.0,1.18,0.0,0.0,0.0,0.0,1.0,4.012552258340594e-48
11,312.0,0.0,1.18,0.0,0.0,0.0,0.0,1.0,0.0
12,266.95260908620986,0.0,1.18,0.0,0.0,0.0,1.0,0.0,5.208966082542477e-48
13,266.95260908620986,0.0,1.18,-1.4902108837183507e-22,-1.2668311642538904e-22,-1.2668311642538904e-22,1.0,0.0,4.604740989098736e-48
14,266.95260908620986,0.0,1.18,-1.3410059728280244e-22,-1.6864969045548462e-22,-1.6864969045548462e-22,1.0,0.0,2.271433927231994e-48
15,266.95260908620986,0.0,1.18,-7.368750895774077e-23,-1.786503736063568e-22,-1.786503736063568e-22,1.0,0.0,6.766145388149149e-49
16,266.95260908620986,0.0,1.18,-3.4227480722155094e-24,-1.7492165401816288e-22,-1.7492165401816288e-22,1.0,0.0,2.703806668334143e-50
17,266.95260908620986,0.0,1.18,6.420479398576628e-23,-1.6228249942054623e-22,-1.6228249942054623e-22,1.0,0.0,5.1386988662646705e-49
18,266.95260908620986,0.0,1.18,1.220509430554815e-22,-1.4441615819150614e-22,-1.4441615819150614e-22,1.0,0.0,1.8052866573744888e-48
19,266.95260908620986,0.0,1.18,1.621439762516698e-22,-1.247268269880212e-22,-1.247268269880212e-22,1.0,0.0,3.194006603244036e-48
20,266.95260908620986,0.0,1.18,1.7181852609634207e-22,-1.0411604893464531e-22,-1.0411604893464531e-22,1.0,0.0,3.6723294324261307e-48
21,266.95260908620986,0.0,1.18,1.2994924144353484e-22,-7.458577205897343e-23,-7.458577205897343e-23,1.0,0.0,2.8077879871606114e-48
22,266.95260908620986,0.0,1.18,0.0,0.0,0.0,1.0,0.0,1.8056186492872137e-48
23,233.61870317377583,0.0,1.18,0.0,0.0,0.0,1.0,0.0,1.254333821246158e-47
24,233.61870317377583,0.0,1.18,-1.6824196388024593e-22,-1.7203744300343861e-22,-1.7203744300343861e-22,1.0,0.0,7.872944574560253e-48
25,233.6187031737758,0.0,1.18,-1.5903516977234647e-22,-2.7226896718786283e-22,-2.7226896718786283e-22,1.0,0.0,2.45063365331506e-48
26,233.61870317377583,0.0,1.18,-9.109966867423878e-23,-3.23095810028893e-22,-3.23095810028893e-22,1.0,0.0,5.313839668557778e-49
27,233.6187031737758,0.0,1.18,-8.081176652892077e-24,-3.4170451359614944e-22,-3.4170451359614944e-22,1.0,0.0,1.7178151265315689e-50
28,233.61870317377583,0.0,1.18,7.35000908068874e-23,-3.345594525522764e-22,-3.345594525522764e-22,1.0,0.0,1.406214270353245e-49
29,233.61870317377583,0.0,1.18,1.4435244933328584e-22,-3.05602143172299e-22,-3.05602143172299e-22,1.0,0.0,6.502741016001398e-49
30,233.6187031737758,0.0,1.18,1.9426352550507892e-22,-2.57768745124365e-22,-2.57768745124365e-22,1.0,0.0,1.412924254232202e-48
31,233.6187031737758,0.0,1.18,2.067439557704595e-22,-1.9268274533817154e-22,-1.9268274533817154e-22,1.0,0.0,2.4198677426006435e-48
32,233.61870317377583,0.0,1.18,1.5415112488885738e-22,-1.091366495733032e-22,-1.091366495733032e-22,1.0,0.0,3.974416222060053e-48
33,233.61870317377583,0.0,1.18,0.0,0.0,0.0,1.0,0.0,5.0478728696795e-48
34,210.5356398548246,0.0,1.18,0.0,0.0,0.0,1.0,0.0,2.5981948450378653e-47
35,210.5356398548246,0.0,1.18,-1.6231236067102028e-22,-2.2313633053707022e-22,-2.2313633053707022e-22,1.0,0.0,1.727320116138553e-47
36,210.53563985482458,0.0,1.18,-1.517395938321777e-22,-3.6291897016667235e-22,-3.6291897016667235e-22,1.0,0.0,6.415748975967471e-48
37,210.5356398548246,0.0,1.18,-8.761787490905804e-23,-4.427316526529872e-22,-4.427316526529872e-22,1.0,0.0,1.7593965011364455e-48
38,210.5356398548246,0.0,1.18,-8.965047825157722e-24,-4.774795111731239e-22,-4.774795111731239e-22,1.0,0.0,1.2084155446983135e-49
39,210.5356398548246,0.0,1.18,6.908773662132265e-23,-4.730918098839056e-22,-4.730918098839056e-22,1.0,0.0,2.746050540079769e-49
40,210.53563985482458,0.0,1.18,1.3756402559693914e-22,-4.338845912159725e-22,-4.338845912159725e-22,1.0,0.0,1.6578951189369988e-48
41,210.53563985482458,0.0,1.18,1.8632626488544935e-22,-3.6379276150897314e-22,-3.6379276150897314e-22,1.0,0.0,3.8039997417396136e-48
42,210.5356398548246,0.0,1.18,1.9916605554557386e-22,-2.669060538129624e-22,-2.669060538129624e-22,1.0,0.0,6.30115547937115e-48
43,210.53563985482458,0.0,1.18,1.4957089537110053e-22,-1.4699106588838913e-22,-1.4699106588838913e-22,1.0,0.0,9.373036579832081e-48
44,210.53563985482458,0.0,1.18,0.0,0.0,0.0,1.0,0.0,1.1274908376677367e-47
45,196.69056850805148,0.0,1.18,0.0,0.0,0.0,1.0,0.0,4.000054384152751e-47
46,196.69056850805148,0.0,1.18,-1.4189816142706457e-22,-2.586576261623834e-22,-2.586576261623834e-22,1.0,0.0,2.776778979245852e-47
47,196.69056850805146,0.0,1.18,-1.2810783225799196e-22,-4.2765238444749125e-22,-4.2765238444749125e-22,1.0,0.0,1.1415767671908498e-47
48,196.69056850805146,0.0,1.18,-7.206877623387945e-23,-5.284538247360041e-22,-5.284538247360041e-22,1.0,0.0,3.495339469537525e-48
49,196.69056850805146,0.0,1.18,-5.948815852665226e-24,-5.754169147180914e-22,-5.754169147180914e-22,1.0,0.0,3.2039722104828918e-49
50,196.69056850805143,0.0,1.18,5.920283304234641e-23,-5.739477498223398e-22,-5.739477498223398e-22,1.0,0.0,4.13429189957942e-49
51,196.6905685080514,0.0,1.18,1.1674860078534252e-22,-5.283004157647288e-22,-5.283004157647288e-22,1.0,0.0,2.9589394728389924e-48
52,196.6905685080514,0.0,1.18,1.5852913646904732e-22,-4.428447947423828e-22,-4.428447947423828e-22,1.0,0.0,7.02137623959077e-48
53,196.6905685080514,0.0,1.18,1.707267713816503e-22,-3.2303341762602336e-22,-3.2303341762602336e-22,1.0,0.0,1.147838943716679e-47
54,196.6905685080514,0.0,1.18,1.2948850721310075e-22,-1.7539472281482695e-22,-1.7539472281482695e-22,1.0,0.0,1.6004664229836634e-47
55,196.6905685080514,0.0,1.18,0.0,0.0,0.0,1.0,0.0,1.8392821909362728e-47
56,191.4759879139768,0.0,1.18,0.0,0.0,0.0,1.0,0.0,4.757602101013897e-47
57,191.4759879139768,0.0,1.18,-1.0857329009820046e-22,-2.746105269344603e-22,-2.746105269344603e-22,1.0,0.0,3.420081882451644e-47
58,191.4759879139768,0.0,1.18,-9.186673237630405e-23,-4.593517982508935e-22,-4.593517982508935e-22,1.0,0.0,1.499959659478755e-47
59,191.4759879139768,0.0,1.18,-4.8241948272260157e-23,-5.72278797744426e-22,-5.72278797744426e-22,1.0,0.0,4.8621218068585264e-48
60,191.47598791397678,0.0,1.18,-3.7134331332085304e-25,-6.2692574819860505e-22,-6.2692574819860505e-22,1.0,0.0,5.225671147648707e-49
61,191.47598791397672,0.0,1.18,4.572120150101432e-23,-6.28411501703941e-22,-6.28411501703941e-22,1.0,0.0,4.6573890374223974e-49
62,191.47598791397675,0.0,1.18,8.649382004504111e-23,-5.806254852633446e-22,-5.806254852633446e-22,1.0,0.0,3.797346813085106e-48
63,191.47598791397675,0.0,1.18,1.1675275557385817e-22,-4.876037179620649e-22,-4.876037179620649e-22,1.0,0.0,9.344776308293256e-48
64,191.47598791397678,0.0,1.18,1.2661149100100307e-22,-3.5501384542938564e-22,-3.5501384542938564e-22,1.0,0.0,1.5380906643026465e-47
65,191.47598791397678,0.0,1.18,9.736755390226615e-23,-1.9112822762670533e-22,-1.9112822762670533e-22,1.0,0.0,2.0710144939671843e-47
66,191.47598791397678,0.0,1.18,0.0,0.0,0.0,1.0,0.0,2.304641719235339e-47
67,194.66309000143718,0.0,1.18,0.0,0.0,0.0,1.0,0.0,4.427004935383708e-47
68,194.66309000143718,0.0,1.18,-6.549401069617494e-23,-2.693068622611574e-22,-2.693068622611574e-22,1.0,0.0,3.2807114399316273e-47
69,194.66309000143718,0.0,1.18,-4.7517752482671177e-23,-4.54551005975129e-22,-4.54551005975129e-22,1.0,0.0,1.5012263939605349e-47
70,194.6630900014371,0.0,1.18,-1.9666211956229128e-23,-5.695113667926157e-22,-5.695113667926157e-22,1.0,0.0,5.0356978771336106e-48
71,194.6630900014371,0.0,1.18,6.791850694037326e-24,-6.26800970732622e-22,-6.26800970732622e-22,1.0,0.0,6.164978620159054e-49
72,194.66309000143713,0.0,1.18,3.075664268358559e-23,-6.312916179083872e-22,-6.312916179083872e-22,1.0,0.0,3.794171611890198e-49
73,194.66309000143718,0.0,1.18,5.156203704547569e-23,-5.861642889388585e-22,-5.861642889388585e-22,1.0,0.0,3.5869335564811847e-48
74,194.66309000143718,0.0,1.18,6.716401137600104e-23,-4.943706212506916e-22,-4.943706212506916e-22,1.0,0.0,9.283406735313192e-48
75,194.66309000143718,0.0,1.18,7.263984943037052e-23,-3.605335806776885e-22,-3.605335806776885e-22,1.0,0.0,1.5721009861642522e-47
76,194.66309000143713,0.0,1.18,5.687568495938149e-23,-1.931735033951794e-22,-1.931735033951794e-22,1.0,0.0,2.0952282891764494e-47
77,194.66309000143713,0.0,1.18,0.0,0.0,0.0,1.0,0.0,2.2777721513798325e-47
78,206.39172008839768,0.0,1.18,0.0,0.0,0.0,1.0,0.0,3.191104249542111e-47
79,206.39172008839768,0.0,1.18,-1.7081711465507442e-23,-2.4242174362630643e-22,-2.4242174362630643e-22,1.0,0.0,2.421422806151818e-47
80,206.39172008839762,0.0,1.18,-1.01698852714094e-24,-4.117943703453155e-22,-4.117943703453155e-22,1.0,0.0,1.1301995137742853e-47
81,206.39172008839756,0.0,1.18,9.457546397744581e-24,-5.180006658773855e-22,-5.180006658773855e-22,1.0,0.0,3.8979932078977166e-48
82,206.3917200883976,0.0,1.18,1.4567009433003812e-23,-5.728219339758415e-22,-5.728219339758415e-22,1.0,0.0,5.592927969286322e-49
83,206.3917200883976,0.0,1.18,1.6824706705524854e-23,-5.805226045335049e-22,-5.805226045335049e-22,1.0,0.0,1.9774201437127155e-49
84,206.39172008839768,0.0,1.18,1.7515067364120634e-23,-5.431920559014175e-22,-5.431920559014175e-22,1.0,0.0,2.3944346073524816e-48
85,206.39172008839762,0.0,1.18,1.712544925106931e-23,-4.621635776430096e-22,-4.621635776430096e-22,1.0,0.0,6.725287416561242e-48
86,206.3917200883976,0.0,1.18,1.5700812866737413e-23,-3.3972312276885684e-22,-3.3972312276885684e-22,1.0,0.0,1.2162072192766592e-47
87,206.3917200883976,0.0,1.18,1.1826222973878454e-23,-1.8219964750775147e-22,-1.8219964750775147e-22,1.0,0.0,1.672858178310158e-47
88,206.3917200883976,0.0,1.18,0.0,0.0,0.0,1.0,0.0,1.802573225541435e-47
89,227.1765130873258,0.0,1.18,0.0,0.0,0.0,1.0,0.0,1.7012262999514444e-47
90,227.1765130873258,0.0,1.18,2.8313752956406174e-23,-1.948288545679519e-22,-1.948288545679519e-22,1.0,0.0,1.2651085610351145e-47
91,227.17651308732576,0.0,1.18,3.799590921918255e-23,-3.309557984534083e-22,-3.309557984534083e-22,1.0,0.0,5.857114711825327e-48
92,227.17651308732573,0.0,1.18,3.310455012719573e-23,-4.185703740503446e-22,-4.185703740503446e-22,1.0,0.0,2.1457588549263776e-48
93,227.1765130873257,0.0,1.18,2.1319292285895234e-23,-4.6671360474343725e-22,-4.6671360474343725e-22,1.0,0.0,3.99705584615127e-49
94,227.17651308732573,0.0,1.18,6.699626025215042e-24,-4.779934416572592e-22,-4.779934416572592e-22,1.0,0.0,4.310258831827763e-50
95,227.17651308732576,0.0,1.18,-8.685633038322432e-24,-4.532239687110154e-22,-4.532239687110154e-22,1.0,0.0,9.482712745502405e-49
96,227.17651308732576,0.0,1.18,-2.307085457193303e-23,-3.9226400116642956e-22,-3.9226400116642956e-22,1.0,0.0,3.099100211110207e-48
97,227.17651308732576,0.0,1.18,-3.32482896185381e-23,-2.9467037391213987e-22,-2.9467037391213987e-22,1.0,0.0,6.397913109774511e-48
98,227.17651308732576,0.0,1.18,-3.155262653350787e-23,-1.6136017489301698e-22,-1.6136017489301698e-22,1.0,0.0,1.0100441361730018e-47
99,227.17651308732576,0.0,1.18,0.0,0.0,0.0,1.0,0.0,1.1669392441059422e-47
100,257.9294749227285,0.0,1.18,0.0,0.0,0.0,1.0,0.0,5.584388345620254e-48
101,257.9294749227285,0.0,1.18,4.1040738375752705e-23,-1.2673529614134064e-22,-1.2673529614134064e-22,1.0,0.0,4.119836519306057e-48
102,257.92947492272845,0.0,1.18,4.6036468753232706e-23,-2.1586171107088435e-22,-2.1586171107088435e-22,1.0,0.0,2.1404164468220602e-48
103,257.92947492272845,0.0,1.18,3.6300603237085586e-23,-2.789896914588114e-22,-2.789896914588114e-22,1.0,0.0,9.921142850723328e-49
104,257.92947492272845,0.0,1.18,2.0587012439639935e-23,-3.1744014206894535e-22,-3.1744014206894535e-22,1.0,0.0,2.813762607401527e-49
105,257.9294749227285,0.0,1.18,2.586835245082194e-24,-3.3174070011024545e-22,-3.3174070011024545e-22,1.0,0.0,5.582639951921954e-51
106,257.9294749227285,0.0,1.18,-1.5857237760571892e-23,-3.218381231208171e-22,-3.218381231208171e-22,1.0,0.0,1.7947083830930885e-49
107,257.92947492272845,0.0,1.18,-3.3074023333885024e-23,-2.8713870315262734e-22,-2.8713870315262734e-22,1.0,0.0,8.42119476706219e-49
108,257.92947492272845,0.0,1.18,-4.581586967657033e-23,-2.2615028482378764e-22,-2.2615028482378764e-22,1.0,0.0,2.1128678219400313e-48
109,257.92947492272845,0.0,1.18,-4.575005668830428e-23,-1.348143798063543e-22,-1.348143798063543e-22,1.0,0.0,4.531974712026945e-48
110,257.92947492272845,0.0,1.18,0.0,0.0,0.0,1.0,0.0,6.319065839717366e-48
111,300.0,0.0,1.18,0.0,0.0,0.0,0.0,1.0,0.0
112,300.0,0.0,1.18,0.0,0.0,0.0,0.0,1.0,4.3288268442055975e-49
113,300.0,0.0,1.18,0.0,0.0,0.0,0.0,1.0,5.4468308642953556e-49
114,300.0,0.0,1.18,0.0,0.0,0.0,0.0,1.0,3.386628563468929e-49
115,300.0,0.0,1.18,0.0,0.0,0.0,0.0,1.0,1.0892474116612637e-49
116,300.0,0.0,1.18,0.0,0.0,0.0,0.0,1.0,1.719797929262601e-51
117,300.0,0.0,1.18,0.0,0.0,0.0,0.0,1.0,6.462416708255149e-50
118,300.0,0.0,1.18,0.0,0.0,0.0,0.0,1.0,2.8113436757310333e-49
119,300.0,0.0,1.18,0.0,0.0,0.0,0.0,1.0,5.394755323303196e-49
120,300.0,0.0,1.18,0.0,0.0,0.0,0.0,1.0,5.379267678253931e-49
121,300.0,0.0,1.18,0.0,0.0,0.0,0.0,1.0,0.0
1,312.0,0.0,1.18,0.0,0.0,0.0,0.0,1.0,0.0
2,312.0,0.0,1.18,0.0,0.0,0.0,0.0,1.0,2.378069616544772e-22
3,312.0,0.0,1.18,0.0,0.0,0.0,0.0,1.0,3.058271858474937e-22
4,312.0,0.0,1.18,0.0,0.0,0.0,0.0,1.0,5.462669484532426e-20
5,312.0,0.0,1.18,0.0,0.0,0.0,0.0,1.0,6.920166726122463e-21
6,312.0,0.0,1.18,0.0,0.0,0.0,0.0,1.0,3.548583753289397e-20
7,312.0,0.0,1.18,0.0,0.0,0.0,0.0,1.0,1.2727825656445991e-20
8,312.0,0.0,1.18,0.0,0.0,0.0,0.0,1.0,1.4259832121113356e-22
9,312.0,0.0,1.18,0.0,0.0,0.0,0.0,1.0,3.309296487480946e-20
10,312.0,0.0,1.18,0.0,0.0,0.0,0.0,1.0,2.021618099019249e-21
11,312.0,0.0,1.18,0.0,0.0,0.0,0.0,1.0,0.0
12,298.447574859237,0.0,1.18,0.0,0.0,0.0,0.0,1.0,1.6987692675984195e-07
13,298.447574859237,0.0,1.18,1.0004046000327286e-09,-0.02557667328936682,-0.02557667328936682,0.0,1.0,4.926998597756562e-08
14,298.43681705442054,0.0,1.18,-1.1344920115269615e-09,-0.027548507383625798,-0.027548507383625798,0.0,1.0,3.5397309767890925e-10
15,298.4199422124582,0.0,1.18,-1.5162327054653572e-08,-0.027911616526340798,-0.027911616526340798,0.0,1.0,1.3087337218139495e-11
16,298.40521202671005,0.0,1.18,-5.396617991594605e-09,-0.027997451503800046,-0.027997451503800046,0.0,1.0,1.0852855442945372e-12
17,298.3924157889062,0.0,1.18,1.2220554940962425e-08,-0.028040892320128765,-0.028040892320128765,0.0,1.0,2.2894568853063643e-13
18,298.38146522432726,0.0,1.18,7.318810573470723e-09,-0.028056825026213362,-0.028056825026213362,0.0,1.0,1.9125644616030273e-13
19,298.3662564657527,0.0,1.18,7.746768969376606e-10,-0.028095157179600264,-0.028095157179600264,0.0,1.0,1.315054382193998e-11
20,298.34597605515455,0.0,1.18,-1.1801337674345697e-08,-0.02760687906142396,-0.02760687906142396,0.0,1.0,2.0654655804081603e-10
21,298.33247756076884,0.0,1.18,2.9168423468454098e-09,-0.02631208893591338,-0.02631208893591338,0.0,1.0,4.951718604034717e-08
22,298.33247756076884,0.0,1.18,0.0,0.0,0.0,0.0,1.0,1.7992519388643973e-07
23,286.78510300418316,0.0,1.18,0.0,0.0,0.0,0.0,1.0,2.6882952572150232e-48
24,286.78510300418316,-0.0,1.18,-8.906707702169667e-23,-9.776960826205808e-23,-9.776960826205808e-23,0.0,1.0,7.036563065524732e-23
25,286.70047048265644,-0.0,1.18,-8.535205337329974e-23,-1.3797671119270815e-22,-1.3797671119270815e-22,0.0,1.0,9.054583412807417e-23
26,286.65445992016305,-0.0,1.18,-4.6480612941994337e-23,-1.6187832911092e-22,-1.6187832911092e-22,0.0,1.0,1.617844269690943e-20
27,286.62944349724364,-0.0,1.18,-6.707002862102768e-25,-1.7562701534098861e-22,-1.7562701534098861e-22,0.0,1.0,2.0498597771953468e-21
28,286.6115549401391,-0.0,1.18,4.305571433646466e-23,-1.7887058569610954e-22,-1.7887058569610954e-22,0.0,1.0,1.0512762811273044e-20
29,286.59340560020183,-0.0,1.18,7.996195444516611e-23,-1.713873436186072e-22,-1.713873436186072e-22,0.0,1.0,3.771125868308998e-21
30,286.56710280239054,-0.0,1.18,1.0476391189131216e-22,-1.5351240754214154e-22,-1.5351240754214154e-22,0.0,1.0,4.2258195055519506e-23
31,286.5088898991125,-0.0,1.18,1.0898990117750116e-22,-1.2460916820621161e-22,-1.2460916820621161e-22,0.0,1.0,9.810895980256066e-21
32,286.39888270540206,-0.0,1.18,7.932600176582464e-23,-7.931155502532811e-23,-7.931155502532811e-23,0.0,1.0,5.997989138927565e-22
33,286.39888270540206,-0.0,1.18,0.0,0.0,0.0,0.0,1.0,1.7738328088663037e-48
34,277.68458353604365,0.0,1.18,0.0,0.0,0.0,1.0,0.0,2.4126348984949533e-48
35,277.68458353604365,0.0,1.18,-6.253858008574303e-23,-8.968222531146652e-23,-8.968222531146652e-23,1.0,0.0,1.7913674814012338e-48
36,277.6589118387458,0.0,1.18,-5.842394312000662e-23,-1.5005043283236584e-22,-1.5005043283236584e-22,1.0,0.0,8.205064300486042e-49
37,277.62946865446503,0.0,1.18,-3.1834433421604773e-23,-1.857250002444893e-22,-1.857250002444893e-22,1.0,0.0,2.4995420878120516e-49
38,277.60684275272524,0.0,1.18,1.901503013758604e-24,-2.0192470618346041e-22,-2.0192470618346041e-22,1.0,0.0,1.9534056973873684e-50
39,277.58813301978074,0.0,1.18,3.5299263174256014e-23,-2.0099655307298518e-22,-2.0099655307298518e-22,1.0,0.0,3.6180121571230776e-50
40,277.56868127639825,0.0,1.18,6.357160186046088e-23,-1.8495836455545019e-22,-1.8495836455545019e-22,1.0,0.0,2.2273200326529182e-49
41,277.5429436461921,0.0,1.18,8.181993668431099e-23,-1.5572421961199605e-22,-1.5572421961199605e-22,1.0,0.0,4.9732362775904114e-49
42,277.50677353151303,0.0,1.18,8.299816942314488e-23,-1.1522978213929794e-22,-1.1522978213929794e-22,1.0,0.0,7.7217093923107e-49
43,277.47416452286024,0.0,1.18,5.746472661036627e-23,-6.499520225252484e-23,-6.499520225252484e-23,1.0,0.0,1.082436285986538e-48
44,277.47416452286024,0.0,1.18,0.0,0.0,0.0,1.0,0.0,1.2691118125415388e-48
45,271.567216098972,0.0,1.18,0.0,0.0,0.0,1.0,0.0,3.2322801675048847e-48
46,271.567216098972,0.0,1.18,-5.202521678295992e-23,-1.0151743659846582e-22,-1.0151743659846582e-22,1.0,0.0,2.2990560700860714e-48
47,271.5561685660844,0.0,1.18,-4.39405046448537e-23,-1.695939835435944e-22,-1.695939835435944e-22,1.0,0.0,9.969064413846857e-49
48,271.53985949421235,0.0,1.18,-2.1166881714313452e-23,-2.106981467685559e-22,-2.106981467685559e-22,1.0,0.0,3.1450358978213767e-49
49,271.52330453375623,0.0,1.18,4.5363496936472204e-24,-2.300741889961526e-22,-2.300741889961526e-22,1.0,0.0,2.8219261125732875e-50
50,271.5074793413565,0.0,1.18,2.911810746649664e-23,-2.294848162456748e-22,-2.294848162456748e-22,1.0,0.0,4.718615494427001e-50
51,271.4909822371344,0.0,1.18,4.966365391360975e-23,-2.1054250278232413e-22,-2.1054250278232413e-22,1.0,0.0,3.0067356370229374e-49
52,271.4723514237512,0.0,1.18,6.277831436501982e-23,-1.752856650499484e-22,-1.752856650499484e-22,1.0,0.0,6.7457444707104706e-49
53,271.4529528308923,0.0,1.18,6.369441681974431e-23,-1.2653646627626805e-22,-1.2653646627626805e-22,1.0,0.0,1.0223833377247872e-48
54,271.4394201654534,0.0,1.18,4.564924978926151e-23,-6.783361258657144e-23,-6.783361258657144e-23,1.0,0.0,1.3002736334119279e-48
55,271.4394201654534,0.0,1.18,0.0,0.0,0.0,1.0,0.0,1.444529607730323e-48
56,268.7487062497901,0.0,1.18,0.0,0.0,0.0,1.0,0.0,3.761733946226918e-48
57,268.7487062497901,0.0,1.18,-3.8893545389068783e-23,-1.0838001936561344e-22,-1.0838001936561344e-22,1.0,0.0,2.728610661421067e-48
58,268.7429481329949,0.0,1.18,-3.026956321619527e-23,-1.821711790832359e-22,-1.821711790832359e-22,1.0,0.0,1.1965754550226107e-48
59,268.73335969704976,0.0,1.18,-1.3062514826205643e-23,-2.271767584305261e-22,-2.271767584305261e-22,1.0,0.0,3.745311025558128e-49
60,268.72211230590864,0.0,1.18,4.517112947788964e-24,-2.486647542223762e-22,-2.486647542223762e-22,1.0,0.0,3.68987833951792e-50
61,268.7103036193546,0.0,1.18,2.04654792450681e-23,-2.4863398448647935e-22,-2.4863398448647935e-22,1.0,0.0,5.649923757539921e-50
62,268.69808977118396,0.0,1.18,3.365563236220333e-23,-2.2869102732683147e-22,-2.2869102732683147e-22,1.0,0.0,3.4877584434348324e-49
63,268.6857282909231,0.0,1.18,4.2574315494072424e-23,-1.9082093282372788e-22,-1.9082093282372788e-22,1.0,0.0,7.909867848924266e-49
64,268.6747138816931,0.0,1.18,4.4499611054047645e-23,-1.3789386593729297e-22,-1.3789386593729297e-22,1.0,0.0,1.2257914004346974e-48
65,268.66793016590395,0.0,1.18,3.388361108492512e-23,-7.365557542842591e-23,-7.365557542842591e-23,1.0,0.0,1.5792943474170866e-48
66,268.66793016590395,0.0,1.18,0.0,0.0,0.0,1.0,0.0,1.7384491286544815e-48
67,269.32728028989953,0.0,1.18,0.0,0.0,0.0,1.0,0.0,3.824715300234552e-48
68,269.32728028989953,0.0,1.18,-2.2114840693451275e-23,-1.0951880743065767e-22,-1.0951880743065767e-22,1.0,0.0,2.871129368153463e-48
69,269.3239581091092,0.0,1.18,-1.5092722654106984e-23,-1.8616234638708527e-22,-1.8616234638708527e-22,1.0,0.0,1.3089198276104436e-48
70,269.3180754481476,0.0,1.18,-5.165348748537683e-24,-2.338044304787093e-22,-2.338044304787093e-22,1.0,0.0,4.293762139695864e-49
71,269.31065046702315,0.0,1.18,3.927697066058458e-24,-2.576976672473094e-22,-2.576976672473094e-22,1.0,0.0,5.329103916524414e-50
72,269.3024787512805,0.0,1.18,1.1609911505351175e-23,-2.5965777209355203e-22,-2.5965777209355203e-22,1.0,0.0,4.295644008746948e-50
73,269.2940952626564,0.0,1.18,1.784699059221616e-23,-2.4090645916893725e-22,-2.4090645916893725e-22,1.0,0.0,3.2790950374454952e-49
74,269.2861146232039,0.0,1.18,2.239451899214085e-23,-2.0283744374295325e-22,-2.0283744374295325e-22,1.0,0.0,8.170540062006459e-49
75,269.27956585248967,0.0,1.18,2.401742613846954e-23,-1.4757348011418355e-22,-1.4757348011418355e-22,1.0,0.0,1.371150150313649e-48
76,269.2757889954124,0.0,1.18,1.9207385271599558e-23,-7.849721233304085e-23,-7.849721233304085e-23,1.0,0.0,1.821461256925886e-48
77,269.2757889954124,0.0,1.18,0.0,0.0,0.0,1.0,0.0,1.9656049895683348e-48
78,273.18560422464907,0.0,1.18,0.0,0.0,0.0,1.0,0.0,3.450797384190402e-48
79,273.18560422464907,0.0,1.18,-2.0260292211573998e-24,-1.0551794973014908e-22,-1.0551794973014908e-22,1.0,0.0,2.5955660384616012e-48
80,273.1836233494343,0.0,1.18,9.050102465192617e-25,-1.8128238853061903e-22,-1.8128238853061903e-22,1.0,0.0,1.2521663682618637e-48
81,273.1800058323531,0.0,1.18,3.32201385496242e-24,-2.310891388276711e-22,-2.310891388276711e-22,1.0,0.0,4.687306740326917e-49
82,273.1752740240558,0.0,1.18,4.425307646076399e-24,-2.584503449892799e-22,-2.584503449892799e-22,1.0,0.0,8.487172629688377e-50
83,273.1699528537413,0.0,1.18,4.440359470766282e-24,-2.641691738379002e-22,-2.641691738379002e-22,1.0,0.0,1.6875918549084668e-50
84,273.16452771454993,0.0,1.18,3.927618896709005e-24,-2.487366453143759e-22,-2.487366453143759e-22,1.0,0.0,2.354539595412223e-49
85,273.1595284530615,0.0,1.18,3.395231847502012e-24,-2.1273203222220452e-22,-2.1273203222220452e-22,1.0,0.0,7.009326270481366e-49
86,273.1555994638547,0.0,1.18,2.867778283111753e-24,-1.572730319459648e-22,-1.572730319459648e-22,1.0,0.0,1.3266261056047634e-48
87,273.1534110613269,0.0,1.18,1.2974126326167e-24,-8.492218614499642e-23,-8.492218614499642e-23,1.0,0.0,1.9540270573323436e-48
88,273.1534110613269,0.0,1.18,0.0,0.0,0.0,1.0,0.0,2.2356893963176594e-48
89,279.97684843489503,0.0,1.18,0.0,0.0,0.0,1.0,0.0,2.650877513777524e-48
90,279.97684843489503,0.0,1.18,3.0881573898084615e-24,-9.478197524690213e-23,-9.478197524690213e-23,1.0,0.0,2.11431665644922e-48
91,279.9757179921145,0.0,1.18,4.710288497803428e-24,-1.692449199166729e-22,-1.692449199166729e-22,1.0,0.0,1.2032480437485946e-48
92,279.9736227603239,0.0,1.18,4.5464143923644404e-24,-2.224588113957998e-22,-2.224588113957998e-22,1.0,0.0,5.335386872117392e-49
93,279.97083638741236,0.0,1.18,2.9342806440122913e-24,-2.5428501746567706e-22,-2.5428501746567706e-22,1.0,0.0,1.3256538020789646e-49
94,279.967673880251,0.0,1.18,5.004349587013348e-25,-2.6480921241261157e-22,-2.6480921241261157e-22,1.0,0.0,1.2554201161388308e-51
95,279.9644630796412,0.0,1.18,-1.965412041308137e-24,-2.5409424627795735e-22,-2.5409424627795735e-22,1.0,0.0,1.370932207555437e-49
96,279.9615535254933,0.0,1.18,-3.6621406827582605e-24,-2.2210591487893625e-22,-2.2210591487893625e-22,1.0,0.0,5.402550386977869e-49
97,279.9593166508269,0.0,1.18,-3.953637587668e-24,-1.6879453886236802e-22,-1.6879453886236802e-22,1.0,0.0,1.2055865559641547e-48
98,279.958092856913,0.0,1.18,-2.6561399721792138e-24,-9.442915561171699e-23,-9.442915561171699e-23,1.0,0.0,2.102656843188567e-48
99,279.958092856913,0.0,1.18,0.0,0.0,0.0,1.0,0.0,2.631531372626674e-48
100,289.086082539552,0.0,1.18,0.0,0.0,0.0,0.0,1.0,2.6268584702354216e-48
101,289.086082539552,0.0,1.18,2.1203203199848118e-24,-9.742139075615924e-23,-9.742139075615924e-23,0.0,1.0,2.0416730753214506e-48
102,289.0855666920125,0.0,1.18,3.964295186197249e-24,-1.7174689311618479e-22,-1.7174689311618479e-22,0.0,1.0,1.1153143782056855e-48
103,289.08460439619955,0.0,1.18,4.03175263965272e-24,-2.242930898667349e-22,-2.242930898667349e-22,0.0,1.0,4.8895302076649465e-49
104,289.08331566026874,0.0,1.18,2.5861682753411145e-24,-2.556853957438881e-22,-2.556853957438881e-22,0.0,1.0,1.2226851577397063e-49
105,289.0818476872374,0.0,1.18,3.1960890157013394e-25,-2.66226335564023e-22,-2.66226335564023e-22,0.0,1.0,2.4020690683531426e-53
106,289.0803608539388,0.0,1.18,-1.9594917195097606e-24,-2.5599636987745047e-22,-2.5599636987745047e-22,0.0,1.0,1.1863716219473086e-49
107,289.0790241783579,0.0,1.18,-3.438008656973694e-24,-2.248665797438717e-22,-2.248665797438717e-22,0.0,1.0,4.8389191869249325e-49
108,289.07800704726844,0.0,1.18,-3.3903441653335826e-24,-1.7245286097409951e-22,-1.7245286097409951e-22,0.0,1.0,1.1161295644829674e-48
109,289.0774552245994,0.0,1.18,-1.4527154790768986e-24,-9.792595926867095e-23,-9.792595926867095e-23,0.0,1.0,2.0584379295416204e-48
110,289.0774552245994,0.0,1.18,0.0,0.0,0.0,0.0,1.0,2.654297606001239e-48
111,300.0,0.0,1.18,0.0,0.0,0.0,0.0,1.0,0.0
112,300.0,0.0,1.18,0.0,0.0,0.0,0.0,1.0,1.1554278556835444e-51
113,300.0,0.0,1.18,0.0,0.0,0.0,0.0,1.0,4.0389813976351104e-51
114,300.0,0.0,1.18,0.0,0.0,0.0,0.0,1.0,4.177607562385485e-51
115,300.0,0.0,1.18,0.0,0.0,0.0,0.0,1.0,1.7189112045992683e-51
116,300.0,0.0,1.18,0.0,0.0,0.0,0.0,1.0,2.625292003985682e-53
117,300.0,0.0,1.18,0.0,0.0,0.0,0.0,1.0,9.867945627298163e-52
118,300.0,0.0,1.18,0.0,0.0,0.0,0.0,1.0,3.0377624856486006e-51
119,300.0,0.0,1.18,0.0,0.0,0.0,0.0,1.0,2.954115402502985e-51
120,300.0,0.0,1.18,0.0,0.0,0.0,0.0,1.0,5.423766831585058e-52
121,300.0,0.0,1.18,0.0,0.0,0.0,0.0,1.0,0.0
1,312.0,0.0,1.18,0.0,0.0,0.0,0.0,1.0,0.0
2,312.0,0.0,1.18,0.0,0.0,0.0,0.0,1.0,9.385743352472799e-08
3,312.0,0.0,1.18,0.0,0.0,0.0,0.0,1.0,5.999098782837911e-08
4,312.0,0.0,1.18,0.0,0.0,0.0,0.0,1.0,2.0950650377973045e-08
5,312.0,0.0,1.18,0.0,0.0,0.0,0.0,1.0,2.971805027577226e-09
6,312.0,0.0,1.18,0.0,0.0,0.0,0.0,1.0,1.0272612465387684e-09
7,312.0,0.0,1.18,0.0,0.0,0.0,0.0,1.0,1.177375704031513e-08
8,312.0,0.0,1.18,0.0,0.0,0.0,0.0,1.0,3.064703724452943e-08
9,312.0,0.0,1.18,0.0,0.0,0.0,0.0,1.0,4.290482719149091e-08
10,312.0,0.0,1.18,0.0,0.0,0.0,0.0,1.0,2.8178920689540715e-08
11,312.0,0.0,1.18,0.0,0.0,0.0,0.0,1.0,0.0
12,301.4624012245764,0.0,1.18,0.0,0.0,0.0,0.0,1.0,4.9695562206638295e-09
13,301.4624012245764,0.0,1.18,-0.019874569726518247,-0.004418763541741335,-0.004418763541741335,0.0,1.0,4.733375296390386e-08
14,300.8438117010704,0.0,1.18,-0.01588935998986965,0.007571573511360014,0.007571573511360014,0.0,1.0,9.804935026563921e-08
15,300.8446624312134,0.0,1.18,-0.009389925631742683,0.024976242786541265,0.024976242786541265,0.0,1.0,1.1932343907935705e-07
16,301.9840097048849,0.0,1.18,-0.0035364991210468243,0.04480198581381838,0.04480198581381838,0.0,1.0,8.433211705761599e-08
17,303.3634212058185,0.0,1.18,0.0020792363078726804,0.05716508937052622,0.05716508937052622,0.0,1.0,1.8826777718067323e-08
18,304.87632185277033,0.0,1.18,0.007039161554583775,0.060411857748506805,0.060411857748506805,0.0,1.0,3.2345866799167933e-09
19,306.3922433546186,0.0,1.18,0.011356843626980268,0.0546158190833478,0.0546158190833478,0.0,1.0,4.822876831075465e-08
20,307.7607377940457,0.0,1.18,0.013437438094161473,0.0408025716459253,0.0408025716459253,0.0,1.0,1.1610643787713747e-07
21,308.61899635765593,0.0,1.18,0.0108899422155019,0.022287054872041967,0.022287054872041967,0.0,1.0,1.5334909019753808e-07
22,308.61899635765593,0.0,1.18,0.0,0.0,0.0,0.0,1.0,1.2062642244696542e-07
23,296.22209811515506,0.0,1.18,0.0,0.0,0.0,0.0,1.0,1.4565686627836214e-07
24,296.22209811515506,0.0,1.18,-0.026202514549570125,-0.02350670400060984,-0.02350670400060984,0.0,1.0,3.3619142034163106e-08
25,296.09128423338626,0.0,1.18,-0.025895297486060224,-0.02258178785814395,-0.02258178785814395,0.0,1.0,8.294514753907432e-09
26,296.2978059139612,0.0,1.18,-0.021943429649399583,-0.01614641820115417,-0.01614641820115417,0.0,1.0,3.422851840638994e-08
27,296.4347197085678,0.0,1.18,-0.0171417006965981,-0.007343963425514218,-0.007343963425514218,0.0,1.0,6.663801808002664e-08
28,297.61240245271273,0.0,1.18,-0.007480525393486406,0.007115269164638759,0.007115269164638759,0.0,1.0,7.796442770119239e-08
29,299.40112053684595,0.0,1.18,0.006744930714080861,0.02184063561466845,0.02184063561466845,0.0,1.0,3.079359668343371e-08
30,301.7181005232672,0.0,1.18,0.019960846864115988,0.02819604647391984,0.02819604647391984,0.0,1.0,6.861102093540739e-09
31,304.15865860640656,0.0,1.18,0.0292682633293583,0.024728839130231342,0.024728839130231342,0.0,1.0,5.134317222437708e-08
32,305.9239124978761,0.0,1.18,0.029342462697394038,0.012578890469591392,0.012578890469591392,0.0,1.0,9.31793673454951e-08
33,305.9239124978761,0.0,1.18,0.0,0.0,0.0,0.0,1.0,3.910571343639555e-08
34,294.4615442051565,0.0,1.18,0.0,0.0,0.0,0.0,1.0,2.9398671413496744e-07
35,294.4615442051565,0.0,1.18,-0.01941162750146838,-0.03319718367020953,-0.03319718367020953,0.0,1.0,1.2940271707015904e-07
36,294.64674427827214,0.0,1.18,-0.024349833990840827,-0.04003556184509683,-0.04003556184509683,0.0,1.0,1.3076169491626502e-08
37,294.8581115610341,0.0,1.18,-0.026344943589380526,-0.04238251501935434,-0.04238251501935434,0.0,1.0,3.9691197475046485e-11
38,295.0713889831318,0.0,1.18,-0.025251477063611416,-0.040735544655609225,-0.040735544655609225,0.0,1.0,6.858315232297638e-09
39,295.42553692681975,0.0,1.18,-0.016426347883574745,-0.03610287142820098,-0.03610287142820098,0.0,1.0,2.1375845041635364e-08
40,296.6118057152488,0.0,1.18,0.0012981209761698642,-0.027728535577099415,-0.027728535577099415,0.0,1.0,3.812277837503921e-08
41,298.8393441542741,0.0,1.18,0.021340371477971694,-0.01492045207090341,-0.01492045207090341,0.0,1.0,3.24940545893428e-08
42,301.7210526101622,0.0,1.18,0.03746899493218866,-0.005530660737221018,-0.005530660737221018,0.0,1.0,9.386345784526907e-09
43,303.97709334564894,0.0,1.18,0.04083261929632326,-0.00404675387313978,-0.00404675387313978,0.0,1.0,6.8442641664609295e-09
44,303.97709334564894,0.0,1.18,0.0,0.0,0.0,0.0,1.0,4.099343003029038e-09
45,294.2036994885467,0.0,1.18,0.0,0.0,0.0,0.0,1.0,3.2340894974544e-07
46,294.2036994885467,0.0,1.18,-0.00783147063607208,-0.034788279480509644,-0.034788279480509644,0.0,1.0,1.7136929400454066e-07
47,294.551840846658,0.0,1.18,-0.015314735997231417,-0.04489452271848638,-0.04489452271848638,0.0,1.0,4.944388860094798e-08
48,294.8113736426624,0.0,1.18,-0.022270204292327952,-0.05226566844901195,-0.05226566844901195,0.0,1.0,1.939936973599558e-08
49,294.9364396447254,0.0,1.18,-0.02513107788166669,-0.05642175032055108,-0.05642175032055108,0.0,1.0,3.184495633811038e-09
50,295.07925927788165,0.0,1.18,-0.01986769327992155,-0.05726364408471995,-0.05726364408471995,0.0,1.0,1.6045810830276786e-09
51,295.94532796638543,0.0,1.18,-0.0047145553817482975,-0.05265629628927616,-0.05265629628927616,0.0,1.0,2.0259047388110104e-08
52,297.8127932059654,0.0,1.18,0.016946737745558514,-0.04355945170629864,-0.04355945170629864,0.0,1.0,4.820603450076137e-08
53,300.4709047887367,0.0,1.18,0.03470263380062011,-0.029636174714541382,-0.029636174714541382,0.0,1.0,6.040313264047505e-08
54,302.4400890046676,0.0,1.18,0.038218201326667034,-0.01633088020685154,-0.01633088020685154,0.0,1.0,6.891716955898984e-08
55,302.4400890046676,0.0,1.18,0.0,0.0,0.0,0.0,1.0,6.744082338986639e-08
56,294.43409483104705,0.0,1.18,0.0,0.0,0.0,0.0,1.0,2.9576621077924593e-07
57,294.43409483104705,0.0,1.18,0.00403185730709616,-0.03329439913316442,-0.03329439913316442,0.0,1.0,1.5420410873632713e-07
58,294.9028552662444,0.0,1.18,-0.0034599614407845886,-0.042934335480746315,-0.042934335480746315,0.0,1.0,5.714547878462782e-08
59,295.2620026031527,0.0,1.18,-0.013747312497104225,-0.05141416550650404,-0.05141416550650404,0.0,1.0,3.492173510390378e-08
60,295.46485248938103,0.0,1.18,-0.02046351209935908,-0.05757384450086803,-0.05757384450086803,0.0,1.0,1.2911024697072861e-08
61,295.72938197456125,0.0,1.18,-0.019585849779684632,-0.06043978091118415,-0.06043978091118415,0.0,1.0,3.832748063993373e-10
62,296.425078735366,0.0,1.18,-0.009612447127349375,-0.05855342520880521,-0.05855342520880521,0.0,1.0,1.0748527012349625e-08
63,297.87423144273504,0.0,1.18,0.006867962894233163,-0.05065838385968622,-0.05065838385968622,0.0,1.0,5.3818352132768595e-08
64,299.86702913722826,0.0,1.18,0.023267920634938297,-0.03714790792578827,-0.03714790792578827,0.0,1.0,9.312333910789668e-08
65,301.1420283407358,0.0,1.18,0.02627786610977516,-0.022451406340801647,-0.022451406340801647,0.0,1.0,1.2744118521635346e-07
66,301.1420283407358,0.0,1.18,0.0,0.0,0.0,0.0,1.0,1.2856618285487222e-07
67,294.8068313015599,0.0,1.18,0.0,0.0,0.0,0.0,1.0,2.4666163663488684e-07
68,294.8068313015599,0.0,1.18,0.013812006114065816,-0.030443680196704192,-0.030443680196704192,0.0,1.0,1.090999550243436e-07
69,295.38796182418173,0.0,1.18,0.007731256308314723,-0.03725385408313091,-0.03725385408313091,0.0,1.0,3.551687220491522e-08
70,295.8660638857843,0.0,1.18,-0.004601790501380361,-0.043972031905417715,-0.043972031905417715,0.0,1.0,2.7811246409134568e-08
71,296.19931426162685,0.0,1.18,-0.014479534500617142,-0.049416775981595974,-0.049416775981595974,0.0,1.0,1.3956671348788745e-08
72,296.5945469918936,0.0,1.18,-0.017668359691913604,-0.052446029840417005,-0.052446029840417005,0.0,1.0,2.0810874338234706e-09
73,297.26762527554007,0.0,1.18,-0.01293955935634155,-0.051645412934969624,-0.051645412934969624,0.0,1.0,4.005924840801333e-09
74,298.2638087504423,0.0,1.18,-0.002226209396970519,-0.045785928609659785,-0.045785928609659785,0.0,1.0,3.271270885148386e-08
75,299.375946473621,0.0,1.18,0.009159536631560354,-0.035018778831036684,-0.035018778831036684,0.0,1.0,7.001382538515243e-08
76,300.0023175284653,0.0,1.18,0.013345474435120663,-0.024126104435894653,-0.024126104435894653,0.0,1.0,1.1609080560329498e-07
77,300.0023175284653,0.0,1.18,0.0,0.0,0.0,0.0,1.0,1.4959172826583007e-07
78,295.3164536805761,0.0,1.18,0.0,0.0,0.0,0.0,1.0,1.8612956355520605e-07
79,295.3164536805761,0.0,1.18,0.01990318079110881,-0.02649135228332786,-0.02649135228332786,0.0,1.0,6.08069005695507e-08
80,295.96414154383416,0.0,1.18,0.015325701906320967,-0.02938899354570092,-0.02938899354570092,0.0,1.0,8.304254475412109e-09
81,296.49557783539274,0.0,1.18,0.0027774992575727332,-0.03282629451092852,-0.03282629451092852,0.0,1.0,1.0654556447288848e-08
82,296.8329797030665,0.0,1.18,-0.008633745726301139,-0.036316879327421135,-0.036316879327421135,0.0,1.0,1.042042726512124e-08
83,297.1823565961582,0.0,1.18,-0.014419423276119949,-0.039497520844965175,-0.039497520844965175,0.0,1.0,5.905881655180817e-09
84,297.6734948732079,0.0,1.18,-0.013718607905261644,-0.04088943499801897,-0.04088943499801897,0.0,1.0,4.120371409544859e-10
85,298.262411646441,0.0,1.18,-0.008192525083408033,-0.038919788504149594,-0.038919788504149594,0.0,1.0,7.105219011222867e-09
86,298.72189680707777,0.0,1.18,-0.0015517410704802793,-0.03268999351775145,-0.03268999351775145,0.0,1.0,2.7051262485965817e-08
87,298.8554069573969,0.0,1.18,0.0021833499102525684,-0.026027548259426228,-0.026027548259426228,0.0,1.0,9.407576630689904e-08
88,298.8554069573969,0.0,1.18,0.0,0.0,0.0,0.0,1.0,1.7543921595391575e-07
89,296.0654189978656,0.0,1.18,0.0,0.0,0.0,0.0,1.0,1.3585798997469326e-07
90,296.0654189978656,0.0,1.18,0.021117070178196945,-0.022690239516919904,-0.022690239516919904,0.0,1.0,2.814165462122329e-08
91,296.7136834891652,0.0,1.18,0.01698660595213696,-0.020163335942029577,-0.020163335942029577,0.0,1.0,2.657279396219605e-09
92,297.28316591055676,0.0,1.18,0.006074347863146053,-0.01849873373195395,-0.01849873373195395,0.0,1.0,1.4746842099944718e-10
93,297.5554586633552,0.0,1.18,-0.0037897412537511257,-0.01895533722086563,-0.01895533722086563,0.0,1.0,4.155886634004109e-09
94,297.7054614084162,0.0,1.18,-0.00934417095722602,-0.021872891841492034,-0.021872891841492034,0.0,1.0,1.0378510912345303e-08
95,297.8877493453015,0.0,1.18,-0.010494139989584492,-0.0258309110253273,-0.0258309110253273,0.0,1.0,8.651021041189996e-09
96,298.1058197493666,0.0,1.18,-0.008712903647165223,-0.028611912991261722,-0.028611912991261722,0.0,1.0,1.4279281506156013e-09
97,298.2638753348527,0.0,1.18,-0.0066908618629687965,-0.028296480467096992,-0.028296480467096992,0.0,1.0,9.6872049714298e-10
98,298.326633374707,0.0,1.18,-0.006260759800690862,-0.02595843261522572,-0.02595843261522572,0.0,1.0,5.834344677369024e-08
99,298.326633374707,0.0,1.18,0.0,0.0,0.0,0.0,1.0,1.751278717330542e-07
100,297.55159911945873,0.0,1.18,0.0,0.0,0.0,0.0,1.0,8.590843904720781e-08
101,297.55159911945873,0.0,1.18,0.015428591188439377,-0.01813380772468639,-0.01813380772468639,0.0,1.0,3.507298308411427e-08
102,297.9626387210687,-0.0,1.18,0.010541568336291243,-0.009543064739212355,-0.009543064739212355,0.0,1.0,3.319102571145236e-08
103,298.45645016639327,-0.0,1.18,0.003668873979543159,-0.0032661787693292793,-0.0032661787693292793,0.0,1.0,6.949940897343809e-09
104,298.7050280942488,0.0,1.18,-0.0014055173253161774,-0.0011668679005927773,-0.0011668679005927773,0.0,1.0,9.342548901670043e-10
105,298.7608119594346,0.0,1.18,-0.0038460727839954786,-0.0030352979451085866,-0.0030352979451085866,0.0,1.0,7.85367694900854e-09
106,298.77405302638465,0.0,1.18,-0.004372999289985131,-0.006990360035634965,-0.006990360035634965,0.0,1.0,1.174512594840681e-08
107,298.81361121221346,0.0,1.18,-0.004209382406647562,-0.011472283419796255,-0.011472283419796255,0.0,1.0,9.20123972196082e-09
108,298.89749781973364,0.0,1.18,-0.004355696997853053,-0.015124400272269866,-0.015124400272269866,0.0,1.0,5.982377099520628e-09
109,299.00412288068014,0.0,1.18,-0.007678823393864376,-0.018375814940811995,-0.018375814940811995,0.0,1.0,1.7330578158244402e-08
110,299.00412288068014,0.0,1.18,0.0,0.0,0.0,0.0,1.0,8.736173605205822e-08
111,300.0,0.0,1.18,0.0,0.0,0.0,0.0,1.0,0.0
112,300.0,0.0,1.18,0.0,0.0,0.0,0.0,1.0,6.117759866312148e-08
113,300.0,0.0,1.18,0.0,0.0,0.0,0.0,1.0,2.8559482886747373e-08
114,300.0,0.0,1.18,0.0,0.0,0.0,0.0,1.0,3.4594373659317072e-09
115,300.0,0.0,1.18,0.0,0.0,0.0,0.0,1.0,5.0770599251914e-10
116,300.0,0.0,1.18,0.0,0.0,0.0,0.0,1.0,3.801674065069657e-09
117,300.0,0.0,1.18,0.0,0.0,0.0,0.0,1.0,4.91471904957525e-09
118,300.0,0.0,1.18,0.0,0.0,0.0,0.0,1.0,4.553828238667246e-09
119,300.0,0.0,1.18,0.0,0.0,0.0,0.0,1.0,4.875904647021616e-09
120,300.0,0.0,1.18,0.0,0.0,0.0,0.0,1.0,1.5154068336853674e-08
121,300.0,-0.0,1.18,0.0,0.0,0.0,0.0,1.0,0.0
1,312.0,0.0,1.18,0.0,0.0,0.0,0.0,1.0,0.0
2,312.0,0.0,1.18,0.0,0.0,0.0,0.0,1.0,2.6502957195637978e-08
3,312.0,0.0,1.18,0.0,0.0,0.0,0.0,1.0,2.40264144669355e-08
4,312.0,0.0,1.18,0.0,0.0,0.0,0.0,1.0,8.749721392459476e-09
5,312.0,0.0,1.18,0.0,0.0,0.0,0.0,1.0,8.158203317216182e-10
6,312.0,0.0,1.18,0.0,0.0,0.0,0.0,1.0,1.250727963067513e-09
7,312.0,0.0,1.18,0.0,0.0,0.0,0.0,1.0,8.221684535430246e-09
8,312.0,0.0,1.18,0.0,0.0,0.0,0.0,1.0,1.6386339787386486e-08
9,312.0,0.0,1.18,0.0,0.0,0.0,0.0,1.0,1.7337149000859305e-08
10,312.0,0.0,1.18,0.0,0.0,0.0,0.0,1.0,5.688435793598246e-09
11,312.0,0.0,1.18,0.0,0.0,0.0,0.0,1.0,0.0
12,306.8662391996564,0.0,1.18,0.0,0.0,0.0,0.0,1.0,2.6849776042983872e-08
13,306.8662391996564,0.0,1.18,-0.010561134304235721,0.010455101383805478,0.010455101383805478,0.0,1.0,5.8503611968204594e-08
14,306.6234492654356,0.0,1.18,-0.01005559747469314,0.02260972255145374,0.02260972255145374,0.0,1.0,6.855184775768957e-08
15,306.9049173082297,0.0,1.18,-0.00606820871955067,0.03562378460759608,0.03562378460759608,0.0,1.0,4.8536412039611004e-08
16,307.4100422062787,0.0,1.18,-0.0018529370284683635,0.04538377305387488,0.04538377305387488,0.0,1.0,1.7544162637278172e-08
17,308.0330534428157,0.0,1.18,0.0022942715925899472,0.05014474900338877,0.05014474900338877,0.0,1.0,8.582425172791933e-10
18,308.74031068784603,0.0,1.18,0.005882254388586164,0.049132881211336236,0.049132881211336236,0.0,1.0,8.099810866005104e-09
19,309.47070920299564,0.0,1.18,0.008304325736662618,0.04273417927447337,0.04273417927447337,0.0,1.0,3.371496971134645e-08
20,310.10916013242945,0.0,1.18,0.008541855862764574,0.03262061250730383,0.03262061250730383,0.0,1.0,5.4707581662811895e-08
21,310.46430448330227,0.0,1.18,0.004892826638158481,0.02103297929808813,0.02103297929808813,0.0,1.0,8.319665701768803e-08
22,310.46430448330227,0.0,1.18,0.0,0.0,0.0,0.0,1.0,1.0615993203992777e-07
23,303.7262084769505,0.0,1.18,0.0,0.0,0.0,0.0,1.0,1.1959333862649462e-09
24,303.7262084769505,0.0,1.18,-0.021012033925368875,-0.0021839594358232382,-0.0021839594358232382,0.0,1.0,1.5013305294230273e-08
25,303.7270936361032,0.0,1.18,-0.021934168694107355,0.006417735289247142,0.006417735289247142,0.0,1.0,4.370034150769158e-08
26,304.003919978114,0.0,1.18,-0.016490470526390535,0.016589791298304547,0.016589791298304547,0.0,1.0,4.519397444695109e-08
27,304.41410765086675,0.0,1.18,-0.008709414814705945,0.026684995018994052,0.026684995018994052,0.0,1.0,3.1525398643169184e-08
28,305.19992416478334,0.0,1.18,-0.00016361328569543818,0.03488629913387506,0.03488629913387506,0.0,1.0,1.1978214261891404e-08
29,306.20450100617927,0.0,1.18,0.008865734662732693,0.039082403855103504,0.039082403855103504,0.0,1.0,1.020007023261157e-09
30,307.3643356491795,0.0,1.18,0.016903767322560704,0.037993122763775984,0.037993122763775984,0.0,1.0,1.4910294358900026e-08
31,308.50951466685945,0.0,1.18,0.02094935467913108,0.030821343559332692,0.030821343559332692,0.0,1.0,5.360913513903488e-08
32,309.2289671287724,0.0,1.18,0.017963108282916574,0.018413159578514464,0.018413159578514464,0.0,1.0,9.378335891573727e-08
33,309.2289671287724,0.0,1.18,0.0,0.0,0.0,0.0,1.0,8.201224237389037e-08
34,302.2519196286819,0.0,1.18,0.0,0.0,0.0,0.0,1.0,1.893880979841641e-08
35,302.2519196286819,0.0,1.18,-0.02464374084759177,-0.008648767312173839,-0.008648767312173839,0.0,1.0,2.4837595897187534e-09
36,302.4375627817957,0.0,1.18,-0.02862173676040395,-0.004843283599729641,-0.004843283599729641,0.0,1.0,9.875338508290894e-09
37,302.85460389510894,0.0,1.18,-0.023718600570959647,0.00038533479477757197,0.00038533479477757197,0.0,1.0,1.3632279675721014e-08
38,303.4205334077005,0.0,1.18,-0.014908315749726848,0.005900113308740441,0.005900113308740441,0.0,1.0,1.2942091086177462e-08
39,304.0533400716128,0.0,1.18,-0.003970827873205784,0.011513751938893625,0.011513751938893625,0.0,1.0,8.958939392980549e-09
40,304.9570153824833,0.0,1.18,0.00850645776623289,0.01638432890948109,0.01638432890948109,0.0,1.0,3.2790071987667094e-09
41,306.1536849162441,0.0,1.18,0.021546350719387482,0.018741769218558475,0.018741769218558475,0.0,1.0,2.68906762959312e-09
42,307.44487538775314,0.0,1.18,0.030880179719216347,0.01639775292921772,0.01639775292921772,0.0,1.0,1.7685087203673467e-08
43,308.35225563174987,0.0,1.18,0.02940553961217925,0.010267837801119036,0.010267837801119036,0.0,1.0,3.283996984310101e-08
44,308.35225563174987,0.0,1.18,0.0,0.0,0.0,0.0,1.0,2.5647564576846648e-08
45,301.6211413336382,0.0,1.18,0.0,0.0,0.0,0.0,1.0,3.158522653180804e-08
46,301.6211413336382,0.0,1.18,-0.02498472432717188,-0.011145834264283323,-0.011145834264283323,0.0,1.0,6.646054926133593e-09
47,301.91292361123004,0.0,1.18,-0.030570846286044374,-0.010154107767317662,-0.010154107767317662,0.0,1.0,4.206697723006638e-10
48,302.44858650917195,0.0,1.18,-0.026530822870681658,-0.008640873959022553,-0.008640873959022553,0.0,1.0,1.0193821774023634e-09
49,303.0986325460342,0.0,1.18,-0.017776279306271875,-0.0068343341485324165,-0.0068343341485324165,0.0,1.0,1.3570930448713593e-09
50,303.7888838255687,0.0,1.18,-0.005935194097520963,-0.004878831421628342,-0.004878831421628342,0.0,1.0,1.9066067486368606e-09
51,304.5529562544698,0.0,1.18,0.008165337013782326,-0.0017069594589415556,-0.0017069594589415556,0.0,1.0,2.6932468049664133e-09
52,305.66947565774507,0.0,1.18,0.023505808903248552,0.0016905728354738492,0.0016905728354738492,0.0,1.0,1.6740357597570278e-09
53,306.8828582277873,0.0,1.18,0.03568954923146431,0.0031288742888960705,0.0031288742888960705,0.0,1.0,1.455225739528777e-09
54,307.67179303853914,0.0,1.18,0.034427915792069344,0.0033822662234442784,0.0033822662234442784,0.0,1.0,1.494393904236511e-09
55,307.67179303853914,0.0,1.18,0.0,0.0,0.0,0.0,1.0,2.7952625393521177e-09
56,301.3318035450814,0.0,1.18,0.0,0.0,0.0,0.0,1.0,4.1355283736516704e-08
57,301.3318035450814,0.0,1.18,-0.023437931089572834,-0.012741462409682953,-0.012741462409682953,0.0,1.0,1.4582534224802702e-08
58,301.69566443054555,0.0,1.18,-0.029218581822319616,-0.01418331608580679,-0.01418331608580679,0.0,1.0,2.2935249191919287e-09
59,302.3175265237407,0.0,1.18,-0.0259779749510799,-0.015207852879202788,-0.015207852879202788,0.0,1.0,8.607290691069649e-10
60,303.03429784925055,0.0,1.18,-0.01762996134242923,-0.01563441547465904,-0.01563441547465904,0.0,1.0,1.6329580357713778e-10
61,303.76854143321145,0.0,1.18,-0.00600519867175943,-0.01499460000514541,-0.01499460000514541,0.0,1.0,4.6046145610723186e-10
62,304.55951063847783,0.0,1.18,0.00830031588590801,-0.012962772622533803,-0.012962772622533803,0.0,1.0,1.993075931889713e-09
63,305.5102498034494,0.0,1.18,0.023460356140613533,-0.009359174141938986,-0.009359174141938986,0.0,1.0,3.97066235403577e-09
64,306.4792421602755,0.0,1.18,0.03544509372567401,-0.005239023554858016,-0.005239023554858016,0.0,1.0,5.659716166795744e-09
65,307.0535501194762,0.0,1.18,0.033236155130922054,-0.0007364171165336515,-0.0007364171165336515,0.0,1.0,3.739704867007594e-09
66,307.0535501194762,0.0,1.18,0.0,0.0,0.0,0.0,1.0,1.3304602221947672e-10
67,301.139718844712,0.0,1.18,0.0,0.0,0.0,0.0,1.0,5.6638756844611767e-08
68,301.139718844712,0.0,1.18,-0.019710719813575632,-0.014901627422811264,-0.014901627422811264,0.0,1.0,2.987844776702783e-08
69,301.53714799109525,0.0,1.18,-0.025091985507632728,-0.01914097717031434,-0.01914097717031434,0.0,1.0,1.0615246237607826e-08
70,302.1985166405857,0.0,1.18,-0.023139888055340677,-0.02217592470420199,-0.02217592470420199,0.0,1.0,4.4587475871873745e-09
71,302.9696144801438,0.0,1.18,-0.016180120074385036,-0.023418599311869265,-0.023418599311869265,0.0,1.0,7.688425187190119e-10
72,303.76113171034933,0.0,1.18,-0.0054768164860222,-0.022752110670798974,-0.022752110670798974,0.0,1.0,5.821519286633231e-10
73,304.5480283221382,0.0,1.18,0.007704678293983629,-0.020414118749131065,-0.020414118749131065,0.0,1.0,3.2097086783952903e-09
74,305.3219711683532,0.0,1.18,0.021400108470468873,-0.01609099189204652,-0.01609099189204652,0.0,1.0,9.435823282929359e-09
75,306.0202837754429,0.0,1.18,0.03149649717948379,-0.00986898216173239,-0.00986898216173239,0.0,1.0,1.715924032499837e-08
76,306.38469799367533,0.0,1.18,0.028637715453989517,-0.0031594618418665,-0.0031594618418665,0.0,1.0,1.2953070049534116e-08
77,306.38469799367533,0.0,1.18,0.0,0.0,0.0,0.0,1.0,2.459656604154733e-09
78,300.9327250269863,0.0,1.18,0.0,0.0,0.0,0.0,1.0,8.331106336383437e-08
79,300.9327250269863,0.0,1.18,-0.013329023794997416,-0.018060491313715843,-0.018060491313715843,0.0,1.0,5.300219425508325e-08
80,301.30304169878025,0.0,1.18,-0.01854163121935478,-0.024946246003633564,-0.024946246003633564,0.0,1.0,2.2694409654067065e-08
81,301.93302456955803,0.0,1.18,-0.018758656173649232,-0.02977638347549272,-0.02977638347549272,0.0,1.0,1.0249612577761891e-08
82,302.70003550455215,0.0,1.18,-0.014184338437652808,-0.031952762664612555,-0.031952762664612555,0.0,1.0,1.906880810425006e-09
83,303.4985222456432,0.0,1.18,-0.005493049081550552,-0.031219929861141592,-0.031219929861141592,0.0,1.0,1.0727686530355518e-09
84,304.2564019071939,0.0,1.18,0.005633590501911585,-0.027822818312535764,-0.027822818312535764,0.0,1.0,7.22337224210325e-09
85,304.8808484066756,0.0,1.18,0.017063825077892728,-0.022086539757161284,-0.022086539757161284,0.0,1.0,1.9560620798704014e-08
86,305.3500411078991,0.0,1.18,0.02492522893129165,-0.014001918953122855,-0.014001918953122855,0.0,1.0,3.104058034077663e-08
87,305.52521959753653,0.0,1.18,0.022611812866352964,-0.0059449170761168135,-0.0059449170761168135,0.0,1.0,2.3621004885645045e-08
88,305.52521959753653,0.0,1.18,0.0,0.0,0.0,0.0,1.0,8.757494326315458e-09
89,300.67247742385837,0.0,1.18,0.0,0.0,0.0,0.0,1.0,1.0397114214375304e-07
90,300.67247742385837,0.0,1.18,-0.005297311613364554,-0.020158531301128775,-0.020158531301128775,0.0,1.0,6.49820213497456e-08
91,300.94511282823044,0.0,1.18,-0.010292398388390146,-0.028274330720803372,-0.028274330720803372,0.0,1.0,2.864535954671424e-08
92,301.4316154407575,0.0,1.18,-0.0125334902469501,-0.03461340309945947,-0.03461340309945947,0.0,1.0,1.9020560338905033e-08
93,302.05777554338715,0.0,1.18,-0.010876214265543426,-0.038913073556386006,-0.038913073556386006,0.0,1.0,6.790056361361252e-09
94,302.7430456744198,0.0,1.18,-0.005655085931322727,-0.039873732529558496,-0.039873732529558496,0.0,1.0,4.875885140494168e-10
95,303.40001229006015,0.0,1.18,0.0020285664024693737,-0.03679077372597102,-0.03679077372597102,0.0,1.0,8.545495739651534e-09
96,303.92786169793715,0.0,1.18,0.01029109230312224,-0.030043667143810585,-0.030043667143810585,0.0,1.0,2.774663740103613e-08
97,304.20904267720215,0.0,1.18,0.016006267093987305,-0.0210202610278909,-0.0210202610278909,0.0,1.0,4.4587699499603586e-08
98,304.2662759020301,0.0,1.18,0.01502708883471524,-0.011323958518871809,-0.011323958518871809,0.0,1.0,4.741732470394821e-08
99,304.2662759020301,0.0,1.18,0.0,0.0,0.0,0.0,1.0,3.203843501779499e-08
100,300.35763025186264,0.0,1.18,0.0,0.0,0.0,0.0,1.0,8.96677094671248e-08
101,300.35763025186264,0.0,1.18,0.0013842043326503925,-0.01870102931932541,-0.01870102931932541,0.0,1.0,3.567443572745985e-08
102,300.4798989897265,0.0,1.18,-0.003059207754893216,-0.022989096679819215,-0.022989096679819215,0.0,1.0,1.2748309493716776e-08
103,300.7258437950556,0.0,1.18,-0.005132045250983371,-0.028350693309937256,-0.028350693309937256,0.0,1.0,1.782629906074483e-08
104,301.06475070791004,0.0,1.18,-0.005270088808202253,-0.034021032685940485,-0.034021032685940485,0.0,1.0,1.3384356774058048e-08
105,301.455545257605,0.0,1.18,-0.0036974816585167184,-0.03791640615973739,-0.03791640615973739,0.0,1.0,3.1115915426414845e-09
106,301.8467850721594,0.0,1.18,-0.0006436198644845659,-0.038134396762502416,-0.038134396762502416,0.0,1.0,1.2593388005643944e-09
107,302.1675398746165,0.0,1.18,0.0031167549521877737,-0.033950643070019215,-0.033950643070019215,0.0,1.0,1.5564786461263837e-08
108,302.3351997614827,0.0,1.18,0.00586891671099468,-0.02630830893095013,-0.02630830893095013,0.0,1.0,3.2921975753226474e-08
109,302.3271722991334,0.0,1.18,0.004799195400897715,-0.0176962971273672,-0.0176962971273672,0.0,1.0,5.8074111839873904e-08
110,302.3271722991334,0.0,1.18,0.0,0.0,0.0,0.0,1.0,7.924882491642581e-08
111,300.0,0.0,1.18,0.0,0.0,0.0,0.0,1.0,0.0
112,300.0,0.0,1.18,0.0,0.0,0.0,0.0,1.0,4.924252241602646e-10
113,300.0,0.0,1.18,0.0,0.0,0.0,0.0,1.0,2.40523672152124e-09
114,300.0,0.0,1.18,0.0,0.0,0.0,0.0,1.0,6.768942685296062e-09
115,300.0,0.0,1.18,0.0,0.0,0.0,0.0,1.0,7.1379869592532195e-09
116,300.0,0.0,1.18,0.0,0.0,0.0,0.0,1.0,3.5135969335548196e-09
117,300.0,0.0,1.18,0.0,0.0,0.0,0.0,1.0,1.064630151856165e-10
118,300.0,0.0,1.18,0.0,0.0,0.0,0.0,1.0,2.4965783446663902e-09
119,300.0,0.0,1.18,0.0,0.0,0.0,0.0,1.0,8.852292900405743e-09
120,300.0,0.0,1.18,0.0,0.0,0.0,0.0,1.0,5.919387188577415e-09
121,300.0,0.0,1.18,0.0,0.0,0.0,0.0,1.0,0.0
1,312.0,0.0,1.18,0.0,0.0,0.0,0.0,1.0,0.0
2,312.0,0.0,1.18,0.0,0.0,0.0,0.0,1.0,1.7012979741829667e-08
3,312.0,0.0,1.18,0.0,0.0,0.0,0.0,1.0,1.8424267834175195e-08
4,312.0,0.0,1.18,0.0,0.0,0.0,0.0,1.0,6.992428048468865e-09
5,312.0,0.0,1.18,0.0,0.0,0.0,0.0,1.0,2.8043641391597424e-10
6,312.0,0.0,1.18,0.0,0.0,0.0,0.0,1.0,1.9833278513044053e-09
7,312.0,0.0,1.18,0.0,0.0,0.0,0.0,1.0,8.246623212819964e-09
8,312.0,0.0,1.18,0.0,0.0,0.0,0.0,1.0,1.3096832732418314e-08
9,312.0,0.0,1.18,0.0,0.0,0.0,0.0,1.0,1.1084633038146433e-08
10,312.0,0.0,1.18,0.0,0.0,0.0,0.0,1.0,1.877342033405449e-09
11,312.0,0.0,1.18,0.0,0.0,0.0,0.0,1.0,0.0
12,307.95584573820577,0.0,1.18,0.0,0.0,0.0,0.0,1.0,4.564999100064165e-08
13,307.95584573820577,0.0,1.18,-0.008461621412958984,0.013680992490009395,0.013680992490009395,0.0,1.0,6.074379996282167e-08
14,307.85655162942516,0.0,1.18,-0.008805591152641453,0.024997732081799284,0.024997732081799284,0.0,1.0,5.726653404444817e-08
15,308.0780067406421,0.0,1.18,-0.00542472092804959,0.03631506147905258,0.03631506147905258,0.0,1.0,3.66685924477573e-08
16,308.5017756047652,0.0,1.18,-0.0010863770949065257,0.044347154174062944,0.044347154174062944,0.0,1.0,1.0202767585968132e-08
17,309.0420654951822,0.0,1.18,0.0028890872204887373,0.047300797924546466,0.047300797924546466,0.0,1.0,2.53844754621265e-10
18,309.62852430265156,0.0,1.18,0.005891168898138094,0.0449355472375724,0.0449355472375724,0.0,1.0,1.1103659133772918e-08
19,310.1969908335864,0.0,1.18,0.0074241465889498285,0.03829942059904477,0.03829942059904477,0.0,1.0,3.008492349696816e-08
20,310.6556558733779,0.0,1.18,0.006830052752750673,0.029419942727506802,0.029419942727506802,0.0,1.0,3.8887528711566775e-08
21,310.88666985573445,0.0,1.18,0.0028108333645187012,0.020163562664337102,0.020163562664337102,0.0,1.0,6.337001937031353e-08
22,310.88666985573445,0.0,1.18,0.0,0.0,0.0,0.0,1.0,9.729997508144471e-08
23,305.2781992803727,0.0,1.18,0.0,0.0,0.0,0.0,1.0,2.532329221334333e-09
24,305.2781992803727,0.0,1.18,-0.0192700844203715,0.003194218925026703,0.003194218925026703,0.0,1.0,2.743276685651891e-08
25,305.31796012227767,0.0,1.18,-0.02064673274211989,0.012937846071891756,0.012937846071891756,0.0,1.0,5.044606521913298e-08
26,305.5369376168441,0.0,1.18,-0.015081669196775843,0.023439775871332568,0.023439775871332568,0.0,1.0,4.25768954912332e-08
27,306.050938085251,0.0,1.18,-0.006872909325137367,0.03285450222803116,0.03285450222803116,0.0,1.0,2.2981440638581703e-08
28,306.79443629586996,0.0,1.18,0.0019612164674263403,0.03923621074157491,0.03923621074157491,0.0,1.0,5.287635002755678e-09
29,307.6870311640287,0.0,1.18,0.010152008515549342,0.04143086849611474,0.04143086849611474,0.0,1.0,1.8018059981744672e-09
30,308.6352669465049,0.0,1.18,0.016120747379063584,0.03853910117007877,0.03853910117007877,0.0,1.0,1.9423379639791196e-08
31,309.48504380668095,0.0,1.18,0.01789115178966722,0.030842943895906534,0.030842943895906534,0.0,1.0,4.865404988824173e-08
32,309.98381149149463,0.0,1.18,0.013915347475473462,0.019388271379077362,0.019388271379077362,0.0,1.0,8.586034004551164e-08
33,309.98381149149463,0.0,1.18,0.0,0.0,0.0,0.0,1.0,9.0486240400829e-08
34,303.92465554041104,0.0,1.18,0.0,0.0,0.0,0.0,1.0,1.724892706890417e-09
35,303.92465554041104,0.0,1.18,-0.025036625103749308,-0.0026245556151343833,-0.0026245556151343833,0.0,1.0,5.684016050565582e-09
36,304.1039064636581,0.0,1.18,-0.028888925670985,0.0034984886959897417,0.0034984886959897417,0.0,1.0,2.0164861643965405e-08
37,304.51343823649944,0.0,1.18,-0.022474018360601443,0.010265710374431075,0.010265710374431075,0.0,1.0,1.835114008760301e-08
38,305.08129011414826,0.0,1.18,-0.012164695387770647,0.016509703575100603,0.016509703575100603,0.0,1.0,1.1720236798081536e-08
39,305.77059730550894,0.0,1.18,-0.0006482025300870485,0.021568228178563534,0.021568228178563534,0.0,1.0,4.997064244422638e-09
40,306.650132613885,0.0,1.18,0.011277523436020986,0.024688237167625377,0.024688237167625377,0.0,1.0,8.206400001859653e-10
41,307.6844843131178,0.0,1.18,0.02184129746735155,0.02478842693318979,0.02478842693318979,0.0,1.0,5.959997130292604e-09
42,308.6684823738353,0.0,1.18,0.027785625198968465,0.020516543915209403,0.020516543915209403,0.0,1.0,2.381367308189709e-08
43,309.3100203609819,0.0,1.18,0.02461596949431549,0.013147088365376076,0.013147088365376076,0.0,1.0,4.243683279075722e-08
44,309.3100203609819,0.0,1.18,0.0,0.0,0.0,0.0,1.0,4.1788191567144636e-08
45,303.22717995193835,0.0,1.18,0.0,0.0,0.0,0.0,1.0,6.522080046362387e-09
46,303.22717995193835,0.0,1.18,-0.028133276176280645,-0.005091784248033066,-0.005091784248033066,0.0,1.0,1.2230517288547617e-09
47,303.5293260145961,0.0,1.18,-0.033149991596396866,-0.0014456368745030582,-0.0014456368745030582,0.0,1.0,4.772770159829377e-09
48,304.1193161723113,0.0,1.18,-0.02626126792343713,0.0019215943198367326,0.0019215943198367326,0.0,1.0,3.697988730326728e-09
49,304.81141953878546,0.0,1.18,-0.014676627650683545,0.004838263862615108,0.004838263862615108,0.0,1.0,2.3991700270273482e-09
50,305.508803172092,0.0,1.18,-0.001767924641548717,0.007484172596709324,0.007484172596709324,0.0,1.0,1.4782010911947636e-09
51,306.28790776435534,0.0,1.18,0.011876902434888913,0.009661861582778297,0.009661861582778297,0.0,1.0,6.428763214233412e-10
52,307.235255311768,0.0,1.18,0.025074581209707694,0.01044805603340017,0.01044805603340017,0.0,1.0,1.1886980563292554e-09
53,308.2128953047004,0.0,1.18,0.03391746453010221,0.009438482880972819,0.009438482880972819,0.0,1.0,4.1853038247591395e-09
54,308.8176700968031,0.0,1.18,0.030683975782024007,0.007617961366586719,0.007617961366586719,0.0,1.0,8.348988910612849e-09
55,308.8176700968031,0.0,1.18,0.0,0.0,0.0,0.0,1.0,1.4075234520212844e-08
56,302.8095584402609,0.0,1.18,0.0,0.0,0.0,0.0,1.0,1.2721748254335306e-08
57,302.8095584402609,0.0,1.18,-0.02920284708512366,-0.007101527652155095,-0.007101527652155095,0.0,1.0,2.4293711843165226e-09
58,303.2279877860266,0.0,1.18,-0.034070991274389374,-0.0061284379223665265,-0.0061284379223665265,0.0,1.0,3.2898333306891486e-10
59,303.9607459965039,0.0,1.18,-0.02690790867777832,-0.005553240120334735,-0.005553240120334735,0.0,1.0,2.05530205148132e-10
60,304.7658539863032,0.0,1.18,-0.014922530720002323,-0.004723863111352602,-0.004723863111352602,0.0,1.0,2.7898371097304775e-10
61,305.47754960568614,0.0,1.18,-0.0014177824437494207,-0.0035697336691052767,-0.0035697336691052767,0.0,1.0,5.707088969418598e-10
62,306.2165658636042,0.0,1.18,0.012560069664491498,-0.0017995760014633772,-0.0017995760014633772,0.0,1.0,8.072179543113374e-10
63,307.07466561207167,0.0,1.18,0.02624062710779768,1.844278114941701e-05,1.844278114941701e-05,0.0,1.0,7.682146750485239e-10
64,307.9005428257031,0.0,1.18,0.03557958870310996,0.0017397784331921213,0.0017397784331921213,0.0,1.0,9.932171586363512e-10
65,308.37594285964366,0.0,1.18,0.03158800499829054,0.004029743127001738,0.004029743127001738,0.0,1.0,3.376722608899116e-10
66,308.37594285964366,0.0,1.18,0.0,0.0,0.0,0.0,1.0,3.949809390010174e-09
67,302.4646998718589,0.0,1.18,0.0,0.0,0.0,0.0,1.0,2.654934224129649e-08
68,302.4646998718589,0.0,1.18,-0.027151232899686698,-0.01024732199728916,-0.01024732199728916,0.0,1.0,1.523944743708075e-08
69,302.97070929789953,0.0,1.18,-0.03146658134359873,-0.01306636055305482,-0.01306636055305482,0.0,1.0,6.728827749152913e-09
70,303.80770879338365,0.0,1.18,-0.025116253946420822,-0.01511118084055558,-0.01511118084055558,0.0,1.0,2.294132893379854e-09
71,304.6700893076251,0.0,1.18,-0.01393713606314725,-0.015438768659768719,-0.015438768659768719,0.0,1.0,3.8791764466078026e-10
72,305.47222496883694,0.0,1.18,-0.0009565317287916244,-0.01384057650940752,-0.01384057650940752,0.0,1.0,1.1070624849458932e-09
73,306.1772612700773,0.0,1.18,0.012340121265139756,-0.011219344444409344,-0.011219344444409344,0.0,1.0,2.795756429373537e-09
74,306.9098497272659,0.0,1.18,0.025075923517683278,-0.007569479934453166,-0.007569479934453166,0.0,1.0,5.732259979365915e-09
75,307.54555669246133,0.0,1.18,0.03347839654196751,-0.0031008865122649897,-0.0031008865122649897,0.0,1.0,8.800533311005536e-09
76,307.8719626850845,0.0,1.18,0.029094557191483853,0.0018543558788367183,0.0018543558788367183,0.0,1.0,3.503487402537786e-09
77,307.8719626850845,0.0,1.18,0.0,0.0,0.0,0.0,1.0,8.391281344224853e-10
78,302.0790008433961,0.0,1.18,0.0,0.0,0.0,0.0,1.0,5.630295228663909e-08
79,302.0790008433961,0.0,1.18,-0.020814184046443678,-0.01490372828075154,-0.01490372828075154,0.0,1.0,4.8589154507446204e-08
80,302.5816533797999,0.0,1.18,-0.024952085262952565,-0.02246768234416308,-0.02246768234416308,0.0,1.0,2.592862530883648e-08
81,303.40925909330997,0.0,1.18,-0.02134107776759932,-0.027283251652081866,-0.027283251652081866,0.0,1.0,8.264000383181195e-09
82,304.3450212606705,0.0,1.18,-0.01277484949848058,-0.028229150667930986,-0.028229150667930986,0.0,1.0,7.280265397877181e-10
83,305.203550865103,0.0,1.18,-0.0016648753284632728,-0.026065897942775407,-0.026065897942775407,0.0,1.0,3.120961022011239e-09
84,305.932614323556,0.0,1.18,0.010111237102075888,-0.021574136850856088,-0.021574136850856088,0.0,1.0,1.0165135892341147e-08
85,306.4988602043021,0.0,1.18,0.020999972392814707,-0.015340491424548514,-0.015340491424548514,0.0,1.0,1.9583549418213095e-08
86,306.9482725414009,0.0,1.18,0.0281540062284502,-0.007785960844381859,-0.007785960844381859,0.0,1.0,2.5431461710942254e-08
87,307.1180401037582,0.0,1.18,0.024673396665032436,-0.0006814517929360502,-0.0006814517929360502,0.0,1.0,1.1286686469548798e-08
88,307.1180401037582,0.0,1.18,0.0,0.0,0.0,0.0,1.0,1.1387857235187153e-10
89,301.5454018853382,0.0,1.18,0.0,0.0,0.0,0.0,1.0,9.911699994042849e-08
90,301.5454018853382,0.0,1.18,-0.010966032370660968,-0.01973947458375857,-0.01973947458375857,0.0,1.0,8.199297006459941e-08
91,301.92978340744236,0.0,1.18,-0.015426789581115765,-0.030179645279823173,-0.030179645279823173,0.0,1.0,4.436764529262763e-08
92,302.6188767085402,0.0,1.18,-0.01519829021032507,-0.03772582476106138,-0.03772582476106138,0.0,1.0,2.149214496126194e-08
93,303.4450327011079,0.0,1.18,-0.010746583594100332,-0.0414130698443466,-0.0414130698443466,0.0,1.0,3.532286857079149e-09
94,304.27115666235704,0.0,1.18,-0.0034029544431499682,-0.040465422547807293,-0.040465422547807293,0.0,1.0,2.5641667676612913e-09
95,304.99385117205026,0.0,1.18,0.0053048805606123834,-0.03520680340480362,-0.03520680340480362,0.0,1.0,1.767948107038715e-08
96,305.52686718976054,0.0,1.18,0.013760783281193604,-0.026611508879354952,-0.026611508879354952,0.0,1.0,3.8379337598329536e-08
97,305.75151537132007,0.0,1.18,0.01935487100915461,-0.016371370788633637,-0.016371370788633637,0.0,1.0,5.0950644024060834e-08
98,305.8073793911874,0.0,1.18,0.017982437381199028,-0.006286441505824636,-0.006286441505824636,0.0,1.0,3.549336102179638e-08
99,305.8073793911874,0.0,1.18,0.0,0.0,0.0,0.0,1.0,9.774537738737854e-09
100,300.85010581811287,0.0,1.18,0.0,0.0,0.0,0.0,1.0,9.789107634357477e-08
101,300.85010581811287,0.0,1.18,-0.0013589584869700484,-0.019571788968841635,-0.019571788968841635,0.0,1.0,5.467976105937288e-08
102,301.0211489616949,0.0,1.18,-0.0055629144649331375,-0.027122125855839486,-0.027122125855839486,0.0,1.0,3.02189630936839e-08
103,301.3825872918499,0.0,1.18,-0.006706232515398777,-0.03491936768700853,-0.03491936768700853,0.0,1.0,2.7774446232038923e-08
104,301.85930124746716,0.0,1.18,-0.005793383940084567,-0.04144992975319473,-0.04144992975319473,0.0,1.0,1.3217446241990866e-08
105,302.37554211058733,0.0,1.18,-0.003257140302151977,-0.04455184225908099,-0.04455184225908099,0.0,1.0,8.443745540356578e-10
106,302.864888549794,0.0,1.18,0.0004951634809675989,-0.042780592417200385,-0.042780592417200385,0.0,1.0,6.343492544238451e-09
107,303.2490130732562,0.0,1.18,0.004728127089378822,-0.03603816045716411,-0.03603816045716411,0.0,1.0,2.9791197131797766e-08
108,303.44185192074184,0.0,1.18,0.007891158408825804,-0.025916211566192466,-0.025916211566192466,0.0,1.0,5.032888614530426e-08
109,303.39741602167555,0.0,1.18,0.007180832798643564,-0.015379443548534077,-0.015379443548534077,0.0,1.0,6.250713822666119e-08
110,303.39741602167555,0.0,1.18,0.0,0.0,0.0,0.0,1.0,5.943467352688745e-08
111,300.0,0.0,1.18,0.0,0.0,0.0,0.0,1.0,0.0
112,300.0,0.0,1.18,0.0,0.0,0.0,0.0,1.0,4.746268065848136e-10
113,300.0,0.0,1.18,0.0,0.0,0.0,0.0,1.0,7.953250241519097e-09
114,300.0,0.0,1.18,0.0,0.0,0.0,0.0,1.0,1.1558383413720297e-08
115,300.0,0.0,1.18,0.0,0.0,0.0,0.0,1.0,8.625901704837962e-09
116,300.0,0.0,1.18,0.0,0.0,0.0,0.0,1.0,2.7265459134627787e-09
117,300.0,0.0,1.18,0.0,0.0,0.0,0.0,1.0,6.301400707866661e-11
118,300.0,0.0,1.18,0.0,0.0,0.0,0.0,1.0,5.745372164485781e-09
119,300.0,0.0,1.18,0.0,0.0,0.0,0.0,1.0,1.600373700705196e-08
120,300.0,0.0,1.18,0.0,0.0,0.0,0.0,1.0,1.3252246695732047e-08
121,300.0,0.0,1.18,0.0,0.0,0.0,0.0,1.0,0.0
