2,1
1,34
3,2
4,3
5,4
6,5
7,6
8,7
9,8
10,9
11,10
12,11
13,12
14,13
15,14
16,15
17,16
18,17
19,18
20,19
21,20
22,21
23,22
24,23
25,24
26,25
27,26
28,27
29,28
30,29
31,30
32,31
33,32
66,33
34,67
99,66
67,100
132,99
100,133
165,132
133,166
198,165
166,199
231,198
199,232
264,231
232,265
297,264
265,298
330,297
298,331
363,330
331,364
396,363
364,397
429,396
397,430
462,429
430,463
495,462
463,496
528,495
496,529
561,528
529,562
594,561
562,595
627,594
595,628
660,627
628,661
693,660
661,694
726,693
694,727
759,726
727,760
792,759
760,793
825,792
793,826
858,825
826,859
891,858
859,892
924,891
892,925
957,924
925,958
990,957
958,991
1023,990
991,1024
1056,1023
1024,1057
1089,1056
1057,1090
1122,1089
1090,1123
1155,1122
1123,1156
1188,1155
1156,1189
1221,1188
1189,1222
1254,1221
1222,1255
1287,1254
1255,1288
1320,1287
1288,1321
1321,1322
1322,1323
1323,1324
1324,1325
1325,1326
1326,1327
1327,1328
1328,1329
1329,1330
1330,1331
1331,1332
1332,1333
1333,1334
1334,1335
1335,1336
1336,1337
1337,1338
1338,1339
1339,1340
1340,1341
1341,1342
1342,1343
1343,1344
1344,1345
1345,1346
1346,1347
1347,1348
1348,1349
1349,1350
1350,1351
1351,1352
1353,1320
1352,1353
1
1
2
3
4
5
6
7
8
9
10
11
12
13
14
15
16
17
18
19
20
21
22
23
24
25
26
27
28
29
30
31
32
32
33
64
65
96
97
128
129
160
161
192
193
224
225
256
257
288
289
320
321
352
353
384
385
416
417
448
449
480
481
512
513
544
545
576
577
608
609
640
641
672
673
704
705
736
737
768
769
800
801
832
833
864
865
896
897
928
929
960
961
992
993
1024
1025
1056
1057
1088
1089
1120
1121
1152
1153
1184
1185
1216
1217
1248
1249
1249
1250
1251
1252
1253
1254
1255
1256
1257
1258
1259
1260
1261
1262
1263
1264
1265
1266
1267
1268
1269
1270
1271
1272
1273
1274
1275
1276
1277
1278
1279
1280
1280
0,1,0,L1,1
0,1,0,L1,1
1.002,0.0,0,B3,1
1.002,0.0,0,B3,1
1.001,0.0,0,L1,2
1.001,0.0,0,L1,2
1.001,0.0,0,L1,3
1.001,0.0,0,L1,3
1.001,0.0,0,L1,4
1.001,0.0,0,L1,4
1.001,0.0,0,L1,5
1.001,0.0,0,L1,5
1.001,0.0,0,L1,6
1.001,0.0,0,L1,6
1.001,0.0,0,L1,7
1.001,0.0,0,L1,7
1.001,0.0,0,L1,8
1.001,0.0,0,L1,8
1.001,0.0,0,L1,9
1.001,0.0,0,L1,9
1.001,0.0,0,L1,10
1.001,0.0,0,L1,10
1.001,0.0,0,L1,11
1.001,0.0,0,L1,11
1.001,0.0,0,L1,12
1.001,0.0,0,L1,12
1.001,0.0,0,L1,13
1.001,0.0,0,L1,13
1.001,0.0,0,L1,14
1.001,0.0,0,L1,14
1.001,0.0,0,L1,15
1.001,0.0,0,L1,15
1.001,0.0,0,L1,16
1.001,0.0,0,L1,16
1.001,0.0,0,L1,17
1.001,0.0,0,L1,17
1.001,0.0,0,L1,18
1.001,0.0,0,L1,18
1.001,0.0,0,L1,19
1.001,0.0,0,L1,19
1.001,0.0,0,L1,20
1.001,0.0,0,L1,20
1.001,0.0,0,L1,21
1.001,0.0,0,L1,21
1.001,0.0,0,L1,22
1.001,0.0,0,L1,22
1.001,0.0,0,L1,23
1.001,0.0,0,L1,23
1.001,0.0,0,L1,24
1.001,0.0,0,L1,24
1.001,0.0,0,L1,25
1.001,0.0,0,L1,25
1.001,0.0,0,L1,26
1.001,0.0,0,L1,26
1.001,0.0,0,L1,27
1.001,0.0,0,L1,27
1.001,0.0,0,L1,28
1.001,0.0,0,L1,28
1.001,0.0,0,L1,29
1.001,0.0,0,L1,29
1.001,0.0,0,L1,30
1.001,0.0,0,L1,30
1.001,0.0,0,L1,31
1.001,0.0,0,L1,31
1.001,0.0,0,L1,32
1.001,0.0,0,L1,32
1.004,0.0,0,T2,32
1.004,0.0,0,T2,32
1.002,0.0,0,B3,33
1.002,0.0,0,B3,33
1.004,0.0,0,T2,64
1.004,0.0,0,T2,64
1.002,0.0,0,B3,65
1.002,0.0,0,B3,65
1.004,0.0,0,T2,96
1.004,0.0,0,T2,96
1.002,0.0,0,B3,97
1.002,0.0,0,B3,97
1.004,0.0,0,T2,128
1.004,0.0,0,T2,128
1.002,0.0,0,B3,129
1.002,0.0,0,B3,129
1.004,0.0,0,T2,160
1.004,0.0,0,T2,160
1.002,0.0,0,B3,161
1.002,0.0,0,B3,161
1.004,0.0,0,T2,192
1.004,0.0,0,T2,192
1.002,0.0,0,B3,193
1.002,0.0,0,B3,193
1.004,0.0,0,T2,224
1.004,0.0,0,T2,224
1.002,0.0,0,B3,225
1.002,0.0,0,B3,225
1.004,0.0,0,T2,256
1.004,0.0,0,T2,256
1.002,0.0,0,B3,257
1.002,0.0,0,B3,257
1.004,0.0,0,T2,288
1.004,0.0,0,T2,288
1.002,0.0,0,B3,289
1.002,0.0,0,B3,289
1.004,0.0,0,T2,320
1.004,0.0,0,T2,320
1.002,0.0,0,B3,321
1.002,0.0,0,B3,321
1.004,0.0,0,T2,352
1.004,0.0,0,T2,352
1.002,0.0,0,B3,353
1.002,0.0,0,B3,353
1.004,0.0,0,T2,384
1.004,0.0,0,T2,384
1.002,0.0,0,B3,385
1.002,0.0,0,B3,385
1.004,0.0,0,T2,416
1.004,0.0,0,T2,416
1.002,0.0,0,B3,417
1.002,0.0,0,B3,417
1.004,0.0,0,T2,448
1.004,0.0,0,T2,448
1.002,0.0,0,B3,449
1.002,0.0,0,B3,449
1.004,0.0,0,T2,480
1.004,0.0,0,T2,480
1.002,0.0,0,B3,481
1.002,0.0,0,B3,481
1.004,0.0,0,T2,512
1.004,0.0,0,T2,512
1.002,0.0,0,B3,513
1.002,0.0,0,B3,513
1.004,0.0,0,T2,544
1.004,0.0,0,T2,544
1.002,0.0,0,B3,545
1.002,0.0,0,B3,545
1.004,0.0,0,T2,576
1.004,0.0,0,T2,576
1.002,0.0,0,B3,577
1.002,0.0,0,B3,577
1.004,0.0,0,T2,608
1.004,0.0,0,T2,608
1.002,0.0,0,B3,609
1.002,0.0,0,B3,609
1.004,0.0,0,T2,640
1.004,0.0,0,T2,640
1.002,0.0,0,B3,641
1.002,0.0,0,B3,641
1.004,0.0,0,T2,672
1.004,0.0,0,T2,672
1.002,0.0,0,B3,673
1.002,0.0,0,B3,673
1.004,0.0,0,T2,704
1.004,0.0,0,T2,704
1.002,0.0,0,B3,705
1.002,0.0,0,B3,705
1.004,0.0,0,T2,736
1.004,0.0,0,T2,736
1.002,0.0,0,B3,737
1.002,0.0,0,B3,737
1.004,0.0,0,T2,768
1.004,0.0,0,T2,768
1.002,0.0,0,B3,769
1.002,0.0,0,B3,769
1.004,0.0,0,T2,800
1.004,0.0,0,T2,800
1.002,0.0,0,B3,801
1.002,0.0,0,B3,801
1.004,0.0,0,T2,832
1.004,0.0,0,T2,832
1.002,0.0,0,B3,833
1.002,0.0,0,B3,833
1.004,0.0,0,T2,864
1.004,0.0,0,T2,864
1.002,0.0,0,B3,865
1.002,0.0,0,B3,865
1.004,0.0,0,T2,896
1.004,0.0,0,T2,896
1.002,0.0,0,B3,897
1.002,0.0,0,B3,897
1.004,0.0,0,T2,928
1.004,0.0,0,T2,928
1.002,0.0,0,B3,929
1.002,0.0,0,B3,929
1.004,0.0,0,T2,960
1.004,0.0,0,T2,960
1.002,0.0,0,B3,961
1.002,0.0,0,B3,961
1.004,0.0,0,T2,992
1.004,0.0,0,T2,992
1.002,0.0,0,B3,993
1.002,0.0,0,B3,993
1.004,0.0,0,T2,1024
1.004,0.0,0,T2,1024
1.002,0.0,0,B3,1025
1.002,0.0,0,B3,1025
1.004,0.0,0,T2,1056
1.004,0.0,0,T2,1056
1.002,0.0,0,B3,1057
1.002,0.0,0,B3,1057
1.004,0.0,0,T2,1088
1.004,0.0,0,T2,1088
1.002,0.0,0,B3,1089
1.002,0.0,0,B3,1089
1.004,0.0,0,T2,1120
1.004,0.0,0,T2,1120
1.002,0.0,0,B3,1121
1.002,0.0,0,B3,1121
1.004,0.0,0,T2,1152
1.004,0.0,0,T2,1152
1.002,0.0,0,B3,1153
1.002,0.0,0,B3,1153
1.004,0.0,0,T2,1184
1.004,0.0,0,T2,1184
1.002,0.0,0,B3,1185
1.002,0.0,0,B3,1185
1.004,0.0,0,T2,1216
1.004,0.0,0,T2,1216
1.002,0.0,0,B3,1217
1.002,0.0,0,B3,1217
1.004,0.0,0,T2,1248
1.004,0.0,0,T2,1248
1.002,0.0,0,B3,1249
1.002,0.0,0,B3,1249
1.003,0.0,0,R4,1249
1.003,0.0,0,R4,1249
1.003,0.0,0,R4,1250
1.003,0.0,0,R4,1250
1.003,0.0,0,R4,1251
1.003,0.0,0,R4,1251
1.003,0.0,0,R4,1252
1.003,0.0,0,R4,1252
1.003,0.0,0,R4,1253
1.003,0.0,0,R4,1253
1.003,0.0,0,R4,1254
1.003,0.0,0,R4,1254
1.003,0.0,0,R4,1255
1.003,0.0,0,R4,1255
1.003,0.0,0,R4,1256
1.003,0.0,0,R4,1256
1.003,0.0,0,R4,1257
1.003,0.0,0,R4,1257
1.003,0.0,0,R4,1258
1.003,0.0,0,R4,1258
1.003,0.0,0,R4,1259
1.003,0.0,0,R4,1259
1.003,0.0,0,R4,1260
1.003,0.0,0,R4,1260
1.003,0.0,0,R4,1261
1.003,0.0,0,R4,1261
1.003,0.0,0,R4,1262
1.003,0.0,0,R4,1262
1.003,0.0,0,R4,1263
1.003,0.0,0,R4,1263
1.003,0.0,0,R4,1264
1.003,0.0,0,R4,1264
1.003,0.0,0,R4,1265
1.003,0.0,0,R4,1265
1.003,0.0,0,R4,1266
1.003,0.0,0,R4,1266
1.003,0.0,0,R4,1267
1.003,0.0,0,R4,1267
1.003,0.0,0,R4,1268
1.003,0.0,0,R4,1268
1.003,0.0,0,R4,1269
1.003,0.0,0,R4,1269
1.003,0.0,0,R4,1270
1.003,0.0,0,R4,1270
1.003,0.0,0,R4,1271
1.003,0.0,0,R4,1271
1.003,0.0,0,R4,1272
1.003,0.0,0,R4,1272
1.003,0.0,0,R4,1273
1.003,0.0,0,R4,1273
1.003,0.0,0,R4,1274
1.003,0.0,0,R4,1274
1.003,0.0,0,R4,1275
1.003,0.0,0,R4,1275
1.003,0.0,0,R4,1276
1.003,0.0,0,R4,1276
1.003,0.0,0,R4,1277
1.003,0.0,0,R4,1277
1.003,0.0,0,R4,1278
1.003,0.0,0,R4,1278
1.003,0.0,0,R4,1279
1.003,0.0,0,R4,1279
1.004,0.0,0,T2,1280
1.004,0.0,0,T2,1280
1.003,0.0,0,R4,1280
1.003,0.0,0,R4,1280
0,1,0,L1,1
0,1,0,L1,1
1.002,0.0,0,B3,1
1.002,0.0,0,B3,1
0,1,312.0,L1,2
0,1,312.0,L1,2
0,1,312.0,L1,3
0,1,312.0,L1,3
0,1,312.0,L1,4
0,1,312.0,L1,4
0,1,312.0,L1,5
0,1,312.0,L1,5
0,1,312.0,L1,6
0,1,312.0,L1,6
0,1,312.0,L1,7
0,1,312.0,L1,7
0,1,312.0,L1,8
0,1,312.0,L1,8
0,1,312.0,L1,9
0,1,312.0,L1,9
0,1,312.0,L1,10
0,1,312.0,L1,10
0,1,312.0,L1,11
0,1,312.0,L1,11
0,1,312.0,L1,12
0,1,312.0,L1,12
0,1,312.0,L1,13
0,1,312.0,L1,13
0,1,312.0,L1,14
0,1,312.0,L1,14
0,1,312.0,L1,15
0,1,312.0,L1,15
0,1,312.0,L1,16
0,1,312.0,L1,16
0,1,312.0,L1,17
0,1,312.0,L1,17
0,1,312.0,L1,18
0,1,312.0,L1,18
0,1,312.0,L1,19
0,1,312.0,L1,19
0,1,312.0,L1,20
0,1,312.0,L1,20
0,1,312.0,L1,21
0,1,312.0,L1,21
0,1,312.0,L1,22
0,1,312.0,L1,22
0,1,312.0,L1,23
0,1,312.0,L1,23
0,1,312.0,L1,24
0,1,312.0,L1,24
0,1,312.0,L1,25
0,1,312.0,L1,25
0,1,312.0,L1,26
0,1,312.0,L1,26
0,1,312.0,L1,27
0,1,312.0,L1,27
0,1,312.0,L1,28
0,1,312.0,L1,28
0,1,312.0,L1,29
0,1,312.0,L1,29
0,1,312.0,L1,30
0,1,312.0,L1,30
0,1,312.0,L1,31
0,1,312.0,L1,31
0,1,312.0,L1,32
0,1,312.0,L1,32
1.004,0.0,0,T2,32
1.004,0.0,0,T2,32
1.002,0.0,0,B3,33
1.002,0.0,0,B3,33
1.004,0.0,0,T2,64
1.004,0.0,0,T2,64
1.002,0.0,0,B3,65
1.002,0.0,0,B3,65
1.004,0.0,0,T2,96
1.004,0.0,0,T2,96
1.002,0.0,0,B3,97
1.002,0.0,0,B3,97
1.004,0.0,0,T2,128
1.004,0.0,0,T2,128
1.002,0.0,0,B3,129
1.002,0.0,0,B3,129
1.004,0.0,0,T2,160
1.004,0.0,0,T2,160
1.002,0.0,0,B3,161
1.002,0.0,0,B3,161
1.004,0.0,0,T2,192
1.004,0.0,0,T2,192
1.002,0.0,0,B3,193
1.002,0.0,0,B3,193
1.004,0.0,0,T2,224
1.004,0.0,0,T2,224
1.002,0.0,0,B3,225
1.002,0.0,0,B3,225
1.004,0.0,0,T2,256
1.004,0.0,0,T2,256
1.002,0.0,0,B3,257
1.002,0.0,0,B3,257
1.004,0.0,0,T2,288
1.004,0.0,0,T2,288
1.002,0.0,0,B3,289
1.002,0.0,0,B3,289
1.004,0.0,0,T2,320
1.004,0.0,0,T2,320
1.002,0.0,0,B3,321
1.002,0.0,0,B3,321
1.004,0.0,0,T2,352
1.004,0.0,0,T2,352
1.002,0.0,0,B3,353
1.002,0.0,0,B3,353
1.004,0.0,0,T2,384
1.004,0.0,0,T2,384
1.002,0.0,0,B3,385
1.002,0.0,0,B3,385
1.004,0.0,0,T2,416
1.004,0.0,0,T2,416
1.002,0.0,0,B3,417
1.002,0.0,0,B3,417
1.004,0.0,0,T2,448
1.004,0.0,0,T2,448
1.002,0.0,0,B3,449
1.002,0.0,0,B3,449
1.004,0.0,0,T2,480
1.004,0.0,0,T2,480
1.002,0.0,0,B3,481
1.002,0.0,0,B3,481
1.004,0.0,0,T2,512
1.004,0.0,0,T2,512
1.002,0.0,0,B3,513
1.002,0.0,0,B3,513
1.004,0.0,0,T2,544
1.004,0.0,0,T2,544
1.002,0.0,0,B3,545
1.002,0.0,0,B3,545
1.004,0.0,0,T2,576
1.004,0.0,0,T2,576
1.002,0.0,0,B3,577
1.002,0.0,0,B3,577
1.004,0.0,0,T2,608
1.004,0.0,0,T2,608
1.002,0.0,0,B3,609
1.002,0.0,0,B3,609
1.004,0.0,0,T2,640
1.004,0.0,0,T2,640
1.002,0.0,0,B3,641
1.002,0.0,0,B3,641
1.004,0.0,0,T2,672
1.004,0.0,0,T2,672
1.002,0.0,0,B3,673
1.002,0.0,0,B3,673
1.004,0.0,0,T2,704
1.004,0.0,0,T2,704
1.002,0.0,0,B3,705
1.002,0.0,0,B3,705
1.004,0.0,0,T2,736
1.004,0.0,0,T2,736
1.002,0.0,0,B3,737
1.002,0.0,0,B3,737
1.004,0.0,0,T2,768
1.004,0.0,0,T2,768
1.002,0.0,0,B3,769
1.002,0.0,0,B3,769
1.004,0.0,0,T2,800
1.004,0.0,0,T2,800
1.002,0.0,0,B3,801
1.002,0.0,0,B3,801
1.004,0.0,0,T2,832
1.004,0.0,0,T2,832
1.002,0.0,0,B3,833
1.002,0.0,0,B3,833
1.004,0.0,0,T2,864
1.004,0.0,0,T2,864
1.002,0.0,0,B3,865
1.002,0.0,0,B3,865
1.004,0.0,0,T2,896
1.004,0.0,0,T2,896
1.002,0.0,0,B3,897
1.002,0.0,0,B3,897
1.004,0.0,0,T2,928
1.004,0.0,0,T2,928
1.002,0.0,0,B3,929
1.002,0.0,0,B3,929
1.004,0.0,0,T2,960
1.004,0.0,0,T2,960
1.002,0.0,0,B3,961
1.002,0.0,0,B3,961
1.004,0.0,0,T2,992
1.004,0.0,0,T2,992
1.002,0.0,0,B3,993
1.002,0.0,0,B3,993
1.004,0.0,0,T2,1024
1.004,0.0,0,T2,1024
1.002,0.0,0,B3,1025
1.002,0.0,0,B3,1025
1.004,0.0,0,T2,1056
1.004,0.0,0,T2,1056
1.002,0.0,0,B3,1057
1.002,0.0,0,B3,1057
1.004,0.0,0,T2,1088
1.004,0.0,0,T2,1088
1.002,0.0,0,B3,1089
1.002,0.0,0,B3,1089
1.004,0.0,0,T2,1120
1.004,0.0,0,T2,1120
1.002,0.0,0,B3,1121
1.002,0.0,0,B3,1121
1.004,0.0,0,T2,1152
1.004,0.0,0,T2,1152
1.002,0.0,0,B3,1153
1.002,0.0,0,B3,1153
1.004,0.0,0,T2,1184
1.004,0.0,0,T2,1184
1.002,0.0,0,B3,1185
1.002,0.0,0,B3,1185
1.004,0.0,0,T2,1216
1.004,0.0,0,T2,1216
1.002,0.0,0,B3,1217
1.002,0.0,0,B3,1217
1.004,0.0,0,T2,1248
1.004,0.0,0,T2,1248
1.002,0.0,0,B3,1249
1.002,0.0,0,B3,1249
0,1,300.0,R4,1249
0,1,300.0,R4,1249
0,1,300.0,R4,1250
0,1,300.0,R4,1250
0,1,300.0,R4,1251
0,1,300.0,R4,1251
0,1,300.0,R4,1252
0,1,300.0,R4,1252
0,1,300.0,R4,1253
0,1,300.0,R4,1253
0,1,300.0,R4,1254
0,1,300.0,R4,1254
0,1,300.0,R4,1255
0,1,300.0,R4,1255
0,1,300.0,R4,1256
0,1,300.0,R4,1256
0,1,300.0,R4,1257
0,1,300.0,R4,1257
0,1,300.0,R4,1258
0,1,300.0,R4,1258
0,1,300.0,R4,1259
0,1,300.0,R4,1259
0,1,300.0,R4,1260
0,1,300.0,R4,1260
0,1,300.0,R4,1261
0,1,300.0,R4,1261
0,1,300.0,R4,1262
0,1,300.0,R4,1262
0,1,300.0,R4,1263
0,1,300.0,R4,1263
0,1,300.0,R4,1264
0,1,300.0,R4,1264
0,1,300.0,R4,1265
0,1,300.0,R4,1265
0,1,300.0,R4,1266
0,1,300.0,R4,1266
0,1,300.0,R4,1267
0,1,300.0,R4,1267
0,1,300.0,R4,1268
0,1,300.0,R4,1268
0,1,300.0,R4,1269
0,1,300.0,R4,1269
0,1,300.0,R4,1270
0,1,300.0,R4,1270
0,1,300.0,R4,1271
0,1,300.0,R4,1271
0,1,300.0,R4,1272
0,1,300.0,R4,1272
0,1,300.0,R4,1273
0,1,300.0,R4,1273
0,1,300.0,R4,1274
0,1,300.0,R4,1274
0,1,300.0,R4,1275
0,1,300.0,R4,1275
0,1,300.0,R4,1276
0,1,300.0,R4,1276
0,1,300.0,R4,1277
0,1,300.0,R4,1277
0,1,300.0,R4,1278
0,1,300.0,R4,1278
0,1,300.0,R4,1279
0,1,300.0,R4,1279
1.004,0.0,0,T2,1280
1.004,0.0,0,T2,1280
0,1,300.0,R4,1280
0,1,300.0,R4,1280
0,1,0,L1,1
0,1,0,L1,1
0,1,0,B3,1
0,1,0,B3,1
0,1,0,L1,2
0,1,0,L1,2
0,1,0,L1,3
0,1,0,L1,3
0,1,0,L1,4
0,1,0,L1,4
0,1,0,L1,5
0,1,0,L1,5
0,1,0,L1,6
0,1,0,L1,6
0,1,0,L1,7
0,1,0,L1,7
0,1,0,L1,8
0,1,0,L1,8
0,1,0,L1,9
0,1,0,L1,9
0,1,0,L1,10
0,1,0,L1,10
0,1,0,L1,11
0,1,0,L1,11
0,1,0,L1,12
0,1,0,L1,12
0,1,0,L1,13
0,1,0,L1,13
0,1,0,L1,14
0,1,0,L1,14
0,1,0,L1,15
0,1,0,L1,15
0,1,0,L1,16
0,1,0,L1,16
0,1,0,L1,17
0,1,0,L1,17
0,1,0,L1,18
0,1,0,L1,18
0,1,0,L1,19
0,1,0,L1,19
0,1,0,L1,20
0,1,0,L1,20
0,1,0,L1,21
0,1,0,L1,21
0,1,0,L1,22
0,1,0,L1,22
0,1,0,L1,23
0,1,0,L1,23
0,1,0,L1,24
0,1,0,L1,24
0,1,0,L1,25
0,1,0,L1,25
0,1,0,L1,26
0,1,0,L1,26
0,1,0,L1,27
0,1,0,L1,27
0,1,0,L1,28
0,1,0,L1,28
0,1,0,L1,29
0,1,0,L1,29
0,1,0,L1,30
0,1,0,L1,30
0,1,0,L1,31
0,1,0,L1,31
0,1,0,L1,32
0,1,0,L1,32
0,1,0,T2,32
0,1,0,T2,32
0,1,0,B3,33
0,1,0,B3,33
0,1,0,T2,64
0,1,0,T2,64
0,1,0,B3,65
0,1,0,B3,65
0,1,0,T2,96
0,1,0,T2,96
0,1,0,B3,97
0,1,0,B3,97
0,1,0,T2,128
0,1,0,T2,128
0,1,0,B3,129
0,1,0,B3,129
0,1,0,T2,160
0,1,0,T2,160
0,1,0,B3,161
0,1,0,B3,161
0,1,0,T2,192
0,1,0,T2,192
0,1,0,B3,193
0,1,0,B3,193
0,1,0,T2,224
0,1,0,T2,224
0,1,0,B3,225
0,1,0,B3,225
0,1,0,T2,256
0,1,0,T2,256
0,1,0,B3,257
0,1,0,B3,257
0,1,0,T2,288
0,1,0,T2,288
0,1,0,B3,289
0,1,0,B3,289
0,1,0,T2,320
0,1,0,T2,320
0,1,0,B3,321
0,1,0,B3,321
0,1,0,T2,352
0,1,0,T2,352
0,1,0,B3,353
0,1,0,B3,353
0,1,0,T2,384
0,1,0,T2,384
0,1,0,B3,385
0,1,0,B3,385
0,1,0,T2,416
0,1,0,T2,416
0,1,0,B3,417
0,1,0,B3,417
0,1,0,T2,448
0,1,0,T2,448
0,1,0,B3,449
0,1,0,B3,449
0,1,0,T2,480
0,1,0,T2,480
0,1,0,B3,481
0,1,0,B3,481
0,1,0,T2,512
0,1,0,T2,512
0,1,0,B3,513
0,1,0,B3,513
0,1,0,T2,544
0,1,0,T2,544
0,1,0,B3,545
0,1,0,B3,545
0,1,0,T2,576
0,1,0,T2,576
0,1,0,B3,577
0,1,0,B3,577
0,1,0,T2,608
0,1,0,T2,608
0,1,0,B3,609
0,1,0,B3,609
0,1,0,T2,640
0,1,0,T2,640
0,1,0,B3,641
0,1,0,B3,641
0,1,0,T2,672
0,1,0,T2,672
0,1,0,B3,673
0,1,0,B3,673
0,1,0,T2,704
0,1,0,T2,704
0,1,0,B3,705
0,1,0,B3,705
0,1,0,T2,736
0,1,0,T2,736
0,1,0,B3,737
0,1,0,B3,737
0,1,0,T2,768
0,1,0,T2,768
0,1,0,B3,769
0,1,0,B3,769
0,1,0,T2,800
0,1,0,T2,800
0,1,0,B3,801
0,1,0,B3,801
0,1,0,T2,832
0,1,0,T2,832
0,1,0,B3,833
0,1,0,B3,833
0,1,0,T2,864
0,1,0,T2,864
0,1,0,B3,865
0,1,0,B3,865
0,1,0,T2,896
0,1,0,T2,896
0,1,0,B3,897
0,1,0,B3,897
0,1,0,T2,928
0,1,0,T2,928
0,1,0,B3,929
0,1,0,B3,929
0,1,0,T2,960
0,1,0,T2,960
0,1,0,B3,961
0,1,0,B3,961
0,1,0,T2,992
0,1,0,T2,992
0,1,0,B3,993
0,1,0,B3,993
0,1,0,T2,1024
0,1,0,T2,1024
0,1,0,B3,1025
0,1,0,B3,1025
0,1,0,T2,1056
0,1,0,T2,1056
0,1,0,B3,1057
0,1,0,B3,1057
0,1,0,T2,1088
0,1,0,T2,1088
0,1,0,B3,1089
0,1,0,B3,1089
0,1,0,T2,1120
0,1,0,T2,1120
0,1,0,B3,1121
0,1,0,B3,1121
0,1,0,T2,1152
0,1,0,T2,1152
0,1,0,B3,1153
0,1,0,B3,1153
0,1,0,T2,1184
0,1,0,T2,1184
0,1,0,B3,1185
0,1,0,B3,1185
0,1,0,T2,1216
0,1,0,T2,1216
0,1,0,B3,1217
0,1,0,B3,1217
0,1,0,T2,1248
0,1,0,T2,1248
0,1,0,B3,1249
0,1,0,B3,1249
0,1,0,R4,1249
0,1,0,R4,1249
0,1,0,R4,1250
0,1,0,R4,1250
0,1,0,R4,1251
0,1,0,R4,1251
0,1,0,R4,1252
0,1,0,R4,1252
0,1,0,R4,1253
0,1,0,R4,1253
0,1,0,R4,1254
0,1,0,R4,1254
0,1,0,R4,1255
0,1,0,R4,1255
0,1,0,R4,1256
0,1,0,R4,1256
0,1,0,R4,1257
0,1,0,R4,1257
0,1,0,R4,1258
0,1,0,R4,1258
0,1,0,R4,1259
0,1,0,R4,1259
0,1,0,R4,1260
0,1,0,R4,1260
0,1,0,R4,1261
0,1,0,R4,1261
0,1,0,R4,1262
0,1,0,R4,1262
0,1,0,R4,1263
0,1,0,R4,1263
0,1,0,R4,1264
0,1,0,R4,1264
0,1,0,R4,1265
0,1,0,R4,1265
0,1,0,R4,1266
0,1,0,R4,1266
0,1,0,R4,1267
0,1,0,R4,1267
0,1,0,R4,1268
0,1,0,R4,1268
0,1,0,R4,1269
0,1,0,R4,1269
0,1,0,R4,1270
0,1,0,R4,1270
0,1,0,R4,1271
0,1,0,R4,1271
0,1,0,R4,1272
0,1,0,R4,1272
0,1,0,R4,1273
0,1,0,R4,1273
0,1,0,R4,1274
0,1,0,R4,1274
0,1,0,R4,1275
0,1,0,R4,1275
0,1,0,R4,1276
0,1,0,R4,1276
0,1,0,R4,1277
0,1,0,R4,1277
0,1,0,R4,1278
0,1,0,R4,1278
0,1,0,R4,1279
0,1,0,R4,1279
0,1,0,T2,1280
0,1,0,T2,1280
0,1,0,R4,1280
0,1,0,R4,1280
0,1,0,L1,1
0,1,0,L1,1
0,1,0,B3,1
0,1,0,B3,1
0,1,0,L1,2
0,1,0,L1,2
0,1,0,L1,3
0,1,0,L1,3
0,1,0,L1,4
0,1,0,L1,4
0,1,0,L1,5
0,1,0,L1,5
0,1,0,L1,6
0,1,0,L1,6
0,1,0,L1,7
0,1,0,L1,7
0,1,0,L1,8
0,1,0,L1,8
0,1,0,L1,9
0,1,0,L1,9
0,1,0,L1,10
0,1,0,L1,10
0,1,0,L1,11
0,1,0,L1,11
0,1,0,L1,12
0,1,0,L1,12
0,1,0,L1,13
0,1,0,L1,13
0,1,0,L1,14
0,1,0,L1,14
0,1,0,L1,15
0,1,0,L1,15
0,1,0,L1,16
0,1,0,L1,16
0,1,0,L1,17
0,1,0,L1,17
0,1,0,L1,18
0,1,0,L1,18
0,1,0,L1,19
0,1,0,L1,19
0,1,0,L1,20
0,1,0,L1,20
0,1,0,L1,21
0,1,0,L1,21
0,1,0,L1,22
0,1,0,L1,22
0,1,0,L1,23
0,1,0,L1,23
0,1,0,L1,24
0,1,0,L1,24
0,1,0,L1,25
0,1,0,L1,25
0,1,0,L1,26
0,1,0,L1,26
0,1,0,L1,27
0,1,0,L1,27
0,1,0,L1,28
0,1,0,L1,28
0,1,0,L1,29
0,1,0,L1,29
0,1,0,L1,30
0,1,0,L1,30
0,1,0,L1,31
0,1,0,L1,31
0,1,0,L1,32
0,1,0,L1,32
0,1,0,T2,32
0,1,0,T2,32
0,1,0,B3,33
0,1,0,B3,33
0,1,0,T2,64
0,1,0,T2,64
0,1,0,B3,65
0,1,0,B3,65
0,1,0,T2,96
0,1,0,T2,96
0,1,0,B3,97
0,1,0,B3,97
0,1,0,T2,128
0,1,0,T2,128
0,1,0,B3,129
0,1,0,B3,129
0,1,0,T2,160
0,1,0,T2,160
0,1,0,B3,161
0,1,0,B3,161
0,1,0,T2,192
0,1,0,T2,192
0,1,0,B3,193
0,1,0,B3,193
0,1,0,T2,224
0,1,0,T2,224
0,1,0,B3,225
0,1,0,B3,225
0,1,0,T2,256
0,1,0,T2,256
0,1,0,B3,257
0,1,0,B3,257
0,1,0,T2,288
0,1,0,T2,288
0,1,0,B3,289
0,1,0,B3,289
0,1,0,T2,320
0,1,0,T2,320
0,1,0,B3,321
0,1,0,B3,321
0,1,0,T2,352
0,1,0,T2,352
0,1,0,B3,353
0,1,0,B3,353
0,1,0,T2,384
0,1,0,T2,384
0,1,0,B3,385
0,1,0,B3,385
0,1,0,T2,416
0,1,0,T2,416
0,1,0,B3,417
0,1,0,B3,417
0,1,0,T2,448
0,1,0,T2,448
0,1,0,B3,449
0,1,0,B3,449
0,1,0,T2,480
0,1,0,T2,480
0,1,0,B3,481
0,1,0,B3,481
0,1,0,T2,512
0,1,0,T2,512
0,1,0,B3,513
0,1,0,B3,513
0,1,0,T2,544
0,1,0,T2,544
0,1,0,B3,545
0,1,0,B3,545
0,1,0,T2,576
0,1,0,T2,576
0,1,0,B3,577
0,1,0,B3,577
0,1,0,T2,608
0,1,0,T2,608
0,1,0,B3,609
0,1,0,B3,609
0,1,0,T2,640
0,1,0,T2,640
0,1,0,B3,641
0,1,0,B3,641
0,1,0,T2,672
0,1,0,T2,672
0,1,0,B3,673
0,1,0,B3,673
0,1,0,T2,704
0,1,0,T2,704
0,1,0,B3,705
0,1,0,B3,705
0,1,0,T2,736
0,1,0,T2,736
0,1,0,B3,737
0,1,0,B3,737
0,1,0,T2,768
0,1,0,T2,768
0,1,0,B3,769
0,1,0,B3,769
0,1,0,T2,800
0,1,0,T2,800
0,1,0,B3,801
0,1,0,B3,801
0,1,0,T2,832
0,1,0,T2,832
0,1,0,B3,833
0,1,0,B3,833
0,1,0,T2,864
0,1,0,T2,864
0,1,0,B3,865
0,1,0,B3,865
0,1,0,T2,896
0,1,0,T2,896
0,1,0,B3,897
0,1,0,B3,897
0,1,0,T2,928
0,1,0,T2,928
0,1,0,B3,929
0,1,0,B3,929
0,1,0,T2,960
0,1,0,T2,960
0,1,0,B3,961
0,1,0,B3,961
0,1,0,T2,992
0,1,0,T2,992
0,1,0,B3,993
0,1,0,B3,993
0,1,0,T2,1024
0,1,0,T2,1024
0,1,0,B3,1025
0,1,0,B3,1025
0,1,0,T2,1056
0,1,0,T2,1056
0,1,0,B3,1057
0,1,0,B3,1057
0,1,0,T2,1088
0,1,0,T2,1088
0,1,0,B3,1089
0,1,0,B3,1089
0,1,0,T2,1120
0,1,0,T2,1120
0,1,0,B3,1121
0,1,0,B3,1121
0,1,0,T2,1152
0,1,0,T2,1152
0,1,0,B3,1153
0,1,0,B3,1153
0,1,0,T2,1184
0,1,0,T2,1184
0,1,0,B3,1185
0,1,0,B3,1185
0,1,0,T2,1216
0,1,0,T2,1216
0,1,0,B3,1217
0,1,0,B3,1217
0,1,0,T2,1248
0,1,0,T2,1248
0,1,0,B3,1249
0,1,0,B3,1249
0,1,0,R4,1249
0,1,0,R4,1249
0,1,0,R4,1250
0,1,0,R4,1250
0,1,0,R4,1251
0,1,0,R4,1251
0,1,0,R4,1252
0,1,0,R4,1252
0,1,0,R4,1253
0,1,0,R4,1253
0,1,0,R4,1254
0,1,0,R4,1254
0,1,0,R4,1255
0,1,0,R4,1255
0,1,0,R4,1256
0,1,0,R4,1256
0,1,0,R4,1257
0,1,0,R4,1257
0,1,0,R4,1258
0,1,0,R4,1258
0,1,0,R4,1259
0,1,0,R4,1259
0,1,0,R4,1260
0,1,0,R4,1260
0,1,0,R4,1261
0,1,0,R4,1261
0,1,0,R4,1262
0,1,0,R4,1262
0,1,0,R4,1263
0,1,0,R4,1263
0,1,0,R4,1264
0,1,0,R4,1264
0,1,0,R4,1265
0,1,0,R4,1265
0,1,0,R4,1266
0,1,0,R4,1266
0,1,0,R4,1267
0,1,0,R4,1267
0,1,0,R4,1268
0,1,0,R4,1268
0,1,0,R4,1269
0,1,0,R4,1269
0,1,0,R4,1270
0,1,0,R4,1270
0,1,0,R4,1271
0,1,0,R4,1271
0,1,0,R4,1272
0,1,0,R4,1272
0,1,0,R4,1273
0,1,0,R4,1273
0,1,0,R4,1274
0,1,0,R4,1274
0,1,0,R4,1275
0,1,0,R4,1275
0,1,0,R4,1276
0,1,0,R4,1276
0,1,0,R4,1277
0,1,0,R4,1277
0,1,0,R4,1278
0,1,0,R4,1278
0,1,0,R4,1279
0,1,0,R4,1279
0,1,0,T2,1280
0,1,0,T2,1280
0,1,0,R4,1280
0,1,0,R4,1280
