108,88,12,9,12,9,38
11,2,1,10
12,3,2,11
13,4,3,12
14,5,4,13
15,6,5,14
16,7,6,15
17,8,7,16
18,9,8,17
20,11,10,19
21,12,11,20
22,13,12,21
23,14,13,22
24,15,14,23
25,16,15,24
26,17,16,25
27,18,17,26
29,20,19,28
30,21,20,29
31,22,21,30
32,23,22,31
33,24,23,32
34,25,24,33
35,26,25,34
36,27,26,35
38,29,28,37
39,30,29,38
40,31,30,39
41,32,31,40
42,33,32,41
43,34,33,42
44,35,34,43
45,36,35,44
47,38,37,46
48,39,38,47
49,40,39,48
50,41,40,49
51,42,41,50
52,43,42,51
53,44,43,52
54,45,44,53
56,47,46,55
57,48,47,56
58,49,48,57
59,50,49,58
60,51,50,59
61,52,51,60
62,53,52,61
63,54,53,62
65,56,55,64
66,57,56,65
67,58,57,66
68,59,58,67
69,60,59,68
70,61,60,69
71,62,61,70
72,63,62,71
74,65,64,73
75,66,65,74
76,67,66,75
77,68,67,76
78,69,68,77
79,70,69,78
80,71,70,79
81,72,71,80
83,74,73,82
84,75,74,83
85,76,75,84
86,77,76,85
87,78,77,86
88,79,78,87
89,80,79,88
90,81,80,89
92,83,82,91
93,84,83,92
94,85,84,93
95,86,85,94
96,87,86,95
97,88,87,96
98,89,88,97
99,90,89,98
101,92,91,100
102,93,92,101
103,94,93,102
104,95,94,103
105,96,95,104
106,97,96,105
107,98,97,106
108,99,98,107
0,0
0,.0083375
0,.016675
0,.0250125
0,.03335
0,.0416875
0,.050025
0,.0583625
0,.0667
8.081818E-03,0
8.081818E-03,.0083375
8.081818E-03,.016675
8.081818E-03,.0250125
8.081818E-03,.03335
8.081818E-03,.0416875
8.081818E-03,.050025
8.081818E-03,.0583625
8.081818E-03,.0667
1.616364E-02,0
1.616364E-02,.0083375
1.616364E-02,.016675
1.616364E-02,.0250125
1.616364E-02,.03335
1.616364E-02,.0416875
1.616364E-02,.050025
1.616364E-02,.0583625
1.616364E-02,.0667
2.424545E-02,0
2.424545E-02,.0083375
2.424545E-02,.016675
2.424545E-02,.0250125
2.424545E-02,.03335
2.424545E-02,.0416875
2.424545E-02,.050025
2.424545E-02,.0583625
2.424545E-02,.0667
3.232727E-02,0
3.232727E-02,.0083375
3.232727E-02,.016675
3.232727E-02,.0250125
3.232727E-02,.03335
3.232727E-02,.0416875
3.232727E-02,.050025
3.232727E-02,.0583625
3.232727E-02,.0667
4.040909E-02,0
4.040909E-02,.0083375
4.040909E-02,.016675
4.040909E-02,.0250125
4.040909E-02,.03335
4.040909E-02,.0416875
4.040909E-02,.050025
4.040909E-02,.0583625
4.040909E-02,.0667
4.849091E-02,0
4.849091E-02,.0083375
4.849091E-02,.016675
4.849091E-02,.0250125
4.849091E-02,.03335
4.849091E-02,.0416875
4.849091E-02,.050025
4.849091E-02,.0583625
4.849091E-02,.0667
5.657273E-02,0
5.657273E-02,.0083375
5.657273E-02,.016675
5.657273E-02,.0250125
5.657273E-02,.03335
5.657273E-02,.0416875
5.657273E-02,.050025
5.657273E-02,.0583625
5.657273E-02,.0667
6.465454E-02,0
6.465454E-02,.0083375
6.465454E-02,.016675
6.465454E-02,.0250125
6.465454E-02,.03335
6.465454E-02,.0416875
6.465454E-02,.050025
6.465454E-02,.0583625
6.465454E-02,.0667
7.273636E-02,0
7.273636E-02,.0083375
7.273636E-02,.016675
7.273636E-02,.0250125
7.273636E-02,.03335
7.273636E-02,.0416875
7.273636E-02,.050025
7.273636E-02,.0583625
7.273636E-02,.0667
8.081818E-02,0
8.081818E-02,.0083375
8.081818E-02,.016675
8.081818E-02,.0250125
8.081818E-02,.03335
8.081818E-02,.0416875
8.081818E-02,.050025
8.081818E-02,.0583625
8.081818E-02,.0667
.0889,0
.0889,.0083375
.0889,.016675
.0889,.0250125
.0889,.03335
.0889,.0416875
.0889,.050025
.0889,.0583625
.0889,.0667
1,1,1,1
1,2,1,1
1,3,1,1
1,4,1,1
1,5,1,1
1,6,1,1
1,7,1,1
1,8,1,1
2,1,1,1
2,2,1,0
2,3,1,0
2,4,1,0
2,5,1,0
2,6,1,0
2,7,1,0
2,8,1,1
3,1,1,1
3,2,1,0
3,3,1,0
3,4,1,0
3,5,1,0
3,6,1,0
3,7,1,0
3,8,1,1
4,1,1,1
4,2,1,0
4,3,1,0
4,4,1,0
4,5,1,0
4,6,1,0
4,7,1,0
4,8,1,1
5,1,1,1
5,2,1,0
5,3,1,0
5,4,1,0
5,5,1,0
5,6,1,0
5,7,1,0
5,8,1,1
6,1,1,1
6,2,1,0
6,3,1,0
6,4,1,0
6,5,1,0
6,6,1,0
6,7,1,0
6,8,1,1
7,1,1,1
7,2,1,0
7,3,1,0
7,4,1,0
7,5,1,0
7,6,1,0
7,7,1,0
7,8,1,1
8,1,1,1
8,2,1,0
8,3,1,0
8,4,1,0
8,5,1,0
8,6,1,0
8,7,1,0
8,8,1,1
9,1,1,1
9,2,1,0
9,3,1,0
9,4,1,0
9,5,1,0
9,6,1,0
9,7,1,0
9,8,1,1
10,1,1,1
10,2,1,0
10,3,1,0
10,4,1,0
10,5,1,0
10,6,1,0
10,7,1,0
10,8,1,1
11,1,1,1
11,2,1,1
11,3,1,1
11,4,1,1
11,5,1,1
11,6,1,1
11,7,1,1
11,8,1,1
