108,88,12,9,12,9,38
11,2,1,10
12,3,2,11
13,4,3,12
14,5,4,13
15,6,5,14
16,7,6,15
17,8,7,16
18,9,8,17
20,11,10,19
21,12,11,20
22,13,12,21
23,14,13,22
24,15,14,23
25,16,15,24
26,17,16,25
27,18,17,26
29,20,19,28
30,21,20,29
31,22,21,30
32,23,22,31
33,24,23,32
34,25,24,33
35,26,25,34
36,27,26,35
38,29,28,37
39,30,29,38
40,31,30,39
41,32,31,40
42,33,32,41
43,34,33,42
44,35,34,43
45,36,35,44
47,38,37,46
48,39,38,47
49,40,39,48
50,41,40,49
51,42,41,50
52,43,42,51
53,44,43,52
54,45,44,53
56,47,46,55
57,48,47,56
58,49,48,57
59,50,49,58
60,51,50,59
61,52,51,60
62,53,52,61
63,54,53,62
65,56,55,64
66,57,56,65
67,58,57,66
68,59,58,67
69,60,59,68
70,61,60,69
71,62,61,70
72,63,62,71
74,65,64,73
75,66,65,74
76,67,66,75
77,68,67,76
78,69,68,77
79,70,69,78
80,71,70,79
81,72,71,80
83,74,73,82
84,75,74,83
85,76,75,84
86,77,76,85
87,78,77,86
88,79,78,87
89,80,79,88
90,81,80,89
92,83,82,91
93,84,83,92
94,85,84,93
95,86,85,94
96,87,86,95
97,88,87,96
98,89,88,97
99,90,89,98
101,92,91,100
102,93,92,101
103,94,93,102
104,95,94,103
105,96,95,104
106,97,96,105
107,98,97,106
108,99,98,107
0.0,0.0
0.0,0.0083375
0.0,0.016675
0.0,0.0250125
0.0,0.03335
0.0,0.0416875
0.0,0.050025
0.0,0.0583625
0.0,0.0667
0.00808182,0.0
0.00808182,0.0083375
0.00808182,0.016675
0.00808182,0.0250125
0.00808182,0.03335
0.00808182,0.0416875
0.00808182,0.050025
0.00808182,0.0583625
0.00808182,0.0667
0.01616364,0.0
0.01616364,0.0083375
0.01616364,0.016675
0.01616364,0.0250125
0.01616364,0.03335
0.01616364,0.0416875
0.01616364,0.050025
0.01616364,0.0583625
0.01616364,0.0667
0.02424545,0.0
0.02424545,0.0083375
0.02424545,0.016675
0.02424545,0.0250125
0.02424545,0.03335
0.02424545,0.0416875
0.02424545,0.050025
0.02424545,0.0583625
0.02424545,0.0667
0.03232727,0.0
0.03232727,0.0083375
0.03232727,0.016675
0.03232727,0.0250125
0.03232727,0.03335
0.03232727,0.0416875
0.03232727,0.050025
0.03232727,0.0583625
0.03232727,0.0667
0.04040909,0.0
0.04040909,0.0083375
0.04040909,0.016675
0.04040909,0.0250125
0.04040909,0.03335
0.04040909,0.0416875
0.04040909,0.050025
0.04040909,0.0583625
0.04040909,0.0667
0.04849091,0.0
0.04849091,0.0083375
0.04849091,0.016675
0.04849091,0.0250125
0.04849091,0.03335
0.04849091,0.0416875
0.04849091,0.050025
0.04849091,0.0583625
0.04849091,0.0667
0.05657273,0.0
0.05657273,0.0083375
0.05657273,0.016675
0.05657273,0.0250125
0.05657273,0.03335
0.05657273,0.0416875
0.05657273,0.050025
0.05657273,0.0583625
0.05657273,0.0667
0.06465454,0.0
0.06465454,0.0083375
0.06465454,0.016675
0.06465454,0.0250125
0.06465454,0.03335
0.06465454,0.0416875
0.06465454,0.050025
0.06465454,0.0583625
0.06465454,0.0667
0.07273636,0.0
0.07273636,0.0083375
0.07273636,0.016675
0.07273636,0.0250125
0.07273636,0.03335
0.07273636,0.0416875
0.07273636,0.050025
0.07273636,0.0583625
0.07273636,0.0667
0.08081818,0.0
0.08081818,0.0083375
0.08081818,0.016675
0.08081818,0.0250125
0.08081818,0.03335
0.08081818,0.0416875
0.08081818,0.050025
0.08081818,0.0583625
0.08081818,0.0667
0.0889,0.0
0.0889,0.0083375
0.0889,0.016675
0.0889,0.0250125
0.0889,0.03335
0.0889,0.0416875
0.0889,0.050025
0.0889,0.0583625
0.0889,0.0667
