1,506.0,0.0,6940.0,0.0,0.0,0.0,0.0,1.0, 0.0
1,506.0,0.0,6940.0,0.0,0.0,0.0,0.0,1.0,0.0
2,506.0,0.0,6940.0,0.0,0.0,0.0,0.0,1.0, 4.3633740546025696e-12
3,506.0,0.0,6940.0,0.0,0.0,0.0,0.0,1.0, 3.5039560127658615e-13
4,506.0,0.0,6940.0,0.0,0.0,0.0,0.0,1.0,1.7265192911398295e-14
4,506.0,0.0,6940.0,0.0,0.0,0.0,0.0,1.0, 1.7265192911398295e-14
5,506.0,0.0,6940.0,0.0,0.0,0.0,0.0,1.0, 9.58717705073846e-15
6,506.0,0.0,6940.0,0.0,0.0,0.0,0.0,1.0, 9.511630981617088e-14
7,506.0,0.0,6940.0,0.0,0.0,0.0,0.0,1.0, 5.489850883099688e-13
8,506.0,0.0,6940.0,0.0,0.0,0.0,0.0,1.0, 3.4625881231456737e-12
9,506.0,0.0,6940.0,0.0,0.0,0.0,0.0,1.0, 0.0
10,505.99958852343025,0.0,6940.0,0.0,0.0,0.0,0.0,1.0, 2.2593258229514693e-10
11,505.99958852343025,0.0,6940.0,6.648908107039768e-05,0.0004782614526195672,0.0004782614526195672,0.0,1.0, 5.0486458363101595e-11
12,505.9960080508755,0.0,6940.0,1.884162826041687e-05,0.0004495103311320659,0.0004495103311320659,0.0,1.0, 4.000968458817498e-13
13,505.9979258931204,0.0,6940.0,4.182392873489343e-06,0.0004471469856845856,0.0004471469856845856,0.0,1.0, 1.0477914854759082e-14
14,506.00093601986845,0.0,6940.0,-3.1166245127195345e-06,0.00044748242372350287,0.00044748242372350287,0.0,1.0, 1.313247812891812e-14
15,506.00104791643736,0.0,6940.0,-9.816724538235493e-06,0.0004524829987880726,0.0004524829987880726,0.0,1.0, 8.935762695220806e-14
16,505.99787011947245,0.0,6940.0,-2.35841040561533e-05,0.0004606131587823507,0.0004606131587823507,0.0,1.0, 2.652127284501901e-13
17,505.9955141012673,0.0,6940.0,-5.9229699024250896e-05,0.0004721679655178205,0.0004721679655178205,0.0,1.0, 5.277952955342776e-11
18,505.9955141012673,0.0,6940.0,0.0,0.0,0.0,0.0,1.0, 2.2021563024026677e-10
19,506.00126607237945,0.0,6940.0,0.0,0.0,0.0,0.0,1.0, 2.4752401524691133e-10
20,506.00126607237945,0.0,6940.0,4.890911269742532e-05,0.0005005944796181492,0.0005005944796181492,0.0,1.0, 5.854376350349462e-11
21,506.00407654483985,0.0,6940.0,2.554579013420731e-05,0.0004848797483718278,0.0004848797483718278,0.0,1.0, 2.3646185196892053e-14
22,506.00186986065677,0.0,6940.0,6.1925272305851205e-06,0.0004914822989093769,0.0004914822989093769,0.0,1.0, 6.490298522114694e-15
23,505.9952084656443,0.0,6940.0,-4.972628411563798e-06,0.000489996202024311,0.000489996202024311,0.0,1.0, 2.137800686915661e-15
24,505.98946435281766,0.0,6940.0,-1.3769183741688124e-05,0.0004888880702444298,0.0004888880702444298,0.0,1.0, 6.272772547428136e-15
25,505.9877886510092,0.0,6940.0,-2.6210962500922054e-05,0.0004849563420989095,0.0004849563420989095,0.0,1.0, 1.0785370565982672e-13
26,505.99006586081777,0.0,6940.0,-3.961204362435875e-05,0.00047031559643017365,0.00047031559643017365,0.0,1.0, 5.852944103422878e-11
27,505.99006586081777,0.0,6940.0,0.0,0.0,0.0,0.0,1.0, 2.1849586241371862e-10
28,505.99771513048915,0.0,6940.0,0.0,0.0,0.0,0.0,1.0, 2.3906151865802017e-10
29,505.99771513048915,0.0,6940.0,2.206643673742789e-05,0.0004919592997340009,0.0004919592997340009,0.0,1.0, 5.735276950943446e-11
30,506.017844692093,0.0,6940.0,1.5272742578454455e-05,0.0004795158951510555,0.0004795158951510555,0.0,1.0, 1.4287450106189069e-13
31,506.0126250692823,0.0,6940.0,3.8578686110458725e-06,0.0004897446475562946,0.0004897446475562946,0.0,1.0, 2.104039321929062e-14
32,505.9897273499638,0.0,6940.0,-4.505331073396373e-06,0.0004860001852517393,0.0004860001852517393,0.0,1.0, 2.660049126096384e-14
33,505.9703287319669,0.0,6940.0,-9.785077436486512e-06,0.0004796765392738657,0.0004796765392738657,0.0,1.0, 8.140330597290607e-14
34,505.9682674226623,0.0,6940.0,-1.3998916254096453e-05,0.0004716829805669093,0.0004716829805669093,0.0,1.0, 2.5342253561510484e-13
35,505.98044711334785,0.0,6940.0,-1.6445501997869237e-05,0.00046039742782142664,0.00046039742782142664,0.0,1.0, 5.5371907139974315e-11
36,505.98044711334785,0.0,6940.0,0.0,0.0,0.0,0.0,1.0, 2.0938556806539609e-10
37,505.98675603347203,0.0,6940.0,0.0,0.0,0.0,0.0,1.0, 2.33507371937644e-10
38,505.98675603347203,0.0,6940.0,7.409737924997397e-07,0.0004862003077435351,0.0004862003077435351,0.0,1.0, 5.6698498044845385e-11
39,506.02702498510405,0.0,6940.0,1.584328641482297e-06,0.0004773670743254224,0.0004773670743254224,0.0,1.0, 1.925068645773335e-13
40,506.02486330522623,0.0,6940.0,-3.798296729821838e-07,0.0004885299912113988,0.0004885299912113988,0.0,1.0, 2.3648322548065596e-14
41,505.9881438470129,0.0,6940.0,-2.4517062485691515e-06,0.0004818873383269264,0.0004818873383269264,0.0,1.0, 8.176100512926382e-14
42,505.9521716255752,0.0,6940.0,-2.601209592573156e-06,0.0004710554158840803,0.0004710554158840803,0.0,1.0, 1.6248508627292657e-13
43,505.9448236628602,0.0,6940.0,-6.19186423208179e-07,0.00046142734364512737,0.00046142734364512737,0.0,1.0, 2.4669354349924483e-13
44,505.96515698278535,0.0,6940.0,2.0226624708371817e-06,0.00045383441081519866,0.00045383441081519866,0.0,1.0, 5.288516937640723e-11
45,505.96515698278535,0.0,6940.0,0.0,0.0,0.0,0.0,1.0, 2.034707844957485e-10
46,505.9679435499721,0.0,6940.0,0.0,0.0,0.0,0.0,1.0, 2.3015959616295878e-10
47,505.9679435499721,0.0,6940.0,-1.9363322336878727e-05,0.0004826844717773217,0.0004826844717773217,0.0,1.0, 5.670649122715766e-11
48,506.0201799395732,0.0,6940.0,-1.2562723770582619e-05,0.00047734726443602395,0.00047734726443602395,0.0,1.0, 2.0589726590679227e-13
49,506.02770937942,0.0,6940.0,-4.825419033153367e-06,0.0004902399077978409,0.0004902399077978409,0.0,1.0, 2.4241357678263848e-14
50,505.9885265938517,0.0,6940.0,5.683966260502988e-07,0.0004826562808941396,0.0004826562808941396,0.0,1.0, 1.2019792209822797e-13
51,505.9413348763603,0.0,6940.0,5.688900564727948e-06,0.0004690190807668249,0.0004690190807668249,0.0,1.0, 2.2702518146069328e-13
52,505.92398902702337,0.0,6940.0,1.2510649252073755e-05,0.0004571191047542391,0.0004571191047542391,0.0,1.0, 2.6540556898908816e-13
53,505.94368152515267,0.0,6940.0,1.8486385364711444e-05,0.00044941373434424276,0.00044941373434424276,0.0,1.0, 5.1893498090656996e-11
54,505.94368152515267,0.0,6940.0,0.0,0.0,0.0,0.0,1.0, 1.9954312266358282e-10
55,505.93723489588575,0.0,6940.0,0.0,0.0,0.0,0.0,1.0, 2.2686101892309266e-10
56,505.93723489588575,0.0,6940.0,-4.109987072728781e-05,0.0004791840611413039,0.0004791840611413039,0.0,1.0, 5.630804674588661e-11
57,505.9885282655779,0.0,6940.0,-2.629697282945363e-05,0.0004753301711328724,0.0004753301711328724,0.0,1.0, 1.487598740001783e-13
58,506.0093185631891,0.0,6940.0,-8.749148670375043e-06,0.0004896638253362268,0.0004896638253362268,0.0,1.0, 2.4139077057032293e-14
59,505.980716457302,0.0,6940.0,3.584497551662725e-06,0.00048364328434736566,0.00048364328434736566,0.0,1.0, 9.810652494942581e-14
60,505.93222054999734,0.0,6940.0,1.3745101356062343e-05,0.00047030384684655847,0.00047030384684655847,0.0,1.0, 2.1586695661251693e-13
61,505.9042176571951,0.0,6940.0,2.5660323554752298e-05,0.00045693326831878643,0.00045693326831878643,0.0,1.0, 2.816521368887106e-13
62,505.9140804017816,0.0,6940.0,3.5850723309943926e-05,0.00044600336015085157,0.00044600336015085157,0.0,1.0, 5.19010571704827e-11
63,505.9140804017816,0.0,6940.0,0.0,0.0,0.0,0.0,1.0, 1.965491473816169e-10
64,505.8813142221166,0.0,6940.0,0.0,0.0,0.0,0.0,1.0, 2.17981847541669e-10
65,505.8813142221166,0.0,6940.0,-6.443541239290409e-05,0.0004696610931440876,0.0004696610931440876,0.0,1.0, 5.30547362576385e-11
66,505.92225826004335,0.0,6940.0,-3.476487006177546e-05,0.00046256154454397865,0.00046256154454397865,0.0,1.0, 5.5025471171634865e-15
67,505.9548520301183,0.0,6940.0,-1.0179944954315651e-05,0.0004735139304411682,0.0004735139304411682,0.0,1.0, 1.47401558677214e-14
68,505.9433090774775,0.0,6940.0,5.308691796456645e-06,0.00046994796331650726,0.00046994796331650726,0.0,1.0, 3.9507592260592367e-14
69,505.9015200212987,0.0,6940.0,1.8363166437518383e-05,0.00046087965715078467,0.00046087965715078467,0.0,1.0, 8.180151366118193e-14
70,505.8678921695962,0.0,6940.0,3.596372015640292e-05,0.0004517518387608997,0.0004517518387608997,0.0,1.0, 1.0842417727946572e-13
71,505.86619738966687,0.0,6940.0,5.4823016512652946e-05,0.0004402431786594617,0.0004402431786594617,0.0,1.0, 5.062517421287294e-11
72,505.86619738966687,0.0,6940.0,0.0,0.0,0.0,0.0,1.0, 1.9154128063383783e-10
73,505.770911136324,0.0,6940.0,0.0,0.0,0.0,0.0,1.0, 1.70918645524637e-10
74,505.770911136324,0.0,6940.0,-6.915905767965233e-05,0.00041579029755304874,0.00041579029755304874,0.0,1.0, 3.8861117429919305e-11
75,505.7968939429557,0.0,6940.0,-2.3569792804264557e-05,0.00039130785945737357,0.00039130785945737357,0.0,1.0, 4.3337351899400875e-13
76,505.832084461743,0.0,6940.0,-6.48512428246926e-06,0.0003923920418100027,0.0003923920418100027,0.0,1.0, 2.5652180828521934e-14
77,505.83417537035547,0.0,6940.0,4.1586518577974695e-06,0.00039213355755786817,0.00039213355755786817,0.0,1.0, 7.14771228157629e-15
78,505.8035140371206,0.0,6940.0,1.3555607694381485e-05,0.00039148964386766954,0.00039148964386766954,0.0,1.0, 8.865607124983136e-14
79,505.77338271282053,0.0,6940.0,2.9264663537740632e-05,0.0003969356980656592,0.0003969356980656592,0.0,1.0, 4.2903404341119275e-13
80,505.7677477141837,0.0,6940.0,6.456322973180888e-05,0.0004127505544471609,0.0004127505544471609,0.0,1.0, 3.967609490575862e-11
81,505.7677477141837,0.0,6940.0,0.0,0.0,0.0,0.0,1.0, 1.684307971773523e-10
82,505.5391212355526,0.0,6940.0,0.0,0.0,0.0,0.0,1.0, 2.116321053385157e-15
83,505.5391212355526,0.0,6940.0,-3.189419532890154e-07,1.4624173378002463e-06,1.4624173378002463e-06,0.0,1.0, 1.182897979153293e-12
84,505.5481265275197,0.0,6940.0,-2.2836154241275253e-08,1.4683337757690771e-06,1.4683337757690771e-06,0.0,1.0, 1.373311287247996e-13
85,505.56297960948035,0.0,6940.0,-2.0819854470872726e-08,1.3039538557691971e-06,1.3039538557691971e-06,0.0,1.0, 1.0401786976505848e-14
86,505.56494369038757,0.0,6940.0,4.617790765769346e-09,1.3099824250969082e-06,1.3099824250969082e-06,0.0,1.0, 4.2756089170197224e-15
87,505.55306454200405,0.0,6940.0,3.465148546478546e-08,1.3617445426027305e-06,1.3617445426027305e-06,0.0,1.0, 4.5428917682824735e-14
88,505.54057283797175,0.0,6940.0,1.1962954159687857e-07,1.475860667671635e-06,1.475860667671635e-06,0.0,1.0, 2.1171115613125472e-13
89,505.53720020541033,0.0,6940.0,3.3174109631018604e-07,1.469383809581695e-06,1.469383809581695e-06,0.0,1.0, 1.030989234917991e-12
90,505.53720020541033,0.0,6940.0,0.0,0.0,0.0,0.0,1.0, 2.136548220627106e-15
91,505.00384516289705,0.0,6940.0,0.0,0.0,0.0,0.019354637866897395,0.9806453621331026, 1.768662436209811e-54
92,505.00384516289705,0.0,6940.0,-2.8995119847229274e-26,4.223212581723609e-26,4.223212581723609e-26,0.019354637866897395,0.9806453621331026, 2.5199780348288007e-17
93,505.00384557201386,0.0,6940.0,-1.4988761669713428e-26,6.106851013661101e-26,6.106851013661101e-26,0.019303498268674613,0.9806965017313254, 1.2918717181183088e-19
94,505.00384608518806,0.0,6940.0,-5.1794837907526286e-27,6.466314727906172e-26,6.466314727906172e-26,0.019239351493283152,0.9807606485067168, 1.0738134352829926e-19
95,505.0038461725446,0.0,6940.0,-2.1415544253176567e-28,6.395091441839887e-26,6.395091441839887e-26,0.01922843191970447,0.9807715680802955, 5.28252980595448e-21
96,505.0038457437201,0.0,6940.0,5.791097171667336e-27,6.423567855899101e-26,6.423567855899101e-26,0.019282034990075747,0.9807179650099243, 2.974521887952569e-19
97,505.0038452427098,0.0,6940.0,1.6622751218135722e-26,6.240283864781845e-26,6.240283864781845e-26,0.01934466127384571,0.9806553387261543, 3.545278305046385e-18
98,505.0038450092557,0.0,6940.0,2.924123368840556e-26,4.766055774988533e-26,4.766055774988533e-26,0.019373843033410054,0.98062615696659, 2.726289728811444e-17
99,505.0038450092557,0.0,6940.0,0.0,0.0,0.0,0.019373843033465565,0.9806261569665344, 2.2525648738697775e-54
100,502.0,0.0,6940.0,0.0,0.0,0.0,1.0,0.0, 0.0
101,502.0,0.0,6940.0,0.0,0.0,0.0,1.0,0.0, 8.43073035522854e-55
102,502.0,0.0,6940.0,0.0,0.0,0.0,1.0,0.0, 2.2529258135420884e-55
103,502.0,0.0,6940.0,0.0,0.0,0.0,1.0,0.0, 2.6902233597100677e-56
104,502.0,0.0,6940.0,0.0,0.0,0.0,1.0,0.0, 4.599108071269539e-59
105,502.0,0.0,6940.0,0.0,0.0,0.0,1.0,0.0, 3.3630791406916255e-56
106,502.0,0.0,6940.0,0.0,0.0,0.0,1.0,0.0, 2.7709021722820625e-55
107,502.0,0.0,6940.0,0.0,0.0,0.0,1.0,0.0, 8.574459749518199e-55
108,502.0,0.0,6940.0,0.0,0.0,0.0,1.0,0.0, 0.0
1,506.0,0.0,6940.0,0.0,0.0,0.0,0.0,1.0, 0.0
2,506.0,0.0,6940.0,0.0,0.0,0.0,0.0,1.0, 2.1001138356229418e-11
3,506.0,0.0,6940.0,0.0,0.0,0.0,0.0,1.0, 1.2801552475922402e-12
4,506.0,0.0,6940.0,0.0,0.0,0.0,0.0,1.0, 4.941375743417339e-14
5,506.0,0.0,6940.0,0.0,0.0,0.0,0.0,1.0, 7.054064779525645e-14
6,506.0,0.0,6940.0,0.0,0.0,0.0,0.0,1.0, 4.936819693130434e-13
7,506.0,0.0,6940.0,0.0,0.0,0.0,0.0,1.0, 2.6277098216959666e-12
8,506.0,0.0,6940.0,0.0,0.0,0.0,0.0,1.0, 1.5217272630566026e-11
9,506.0,0.0,6940.0,0.0,0.0,0.0,0.0,1.0, 0.0
10,505.99972997814507,0.0,6940.0,0.0,0.0,0.0,0.0,1.0, 4.533889734301978e-10
11,505.99972997814507,0.0,6940.0,0.00014586816724119906,0.0006775035010675948,0.0006775035010675948,0.0,1.0, 9.283857100062636e-11
12,505.9973087581962,0.0,6940.0,3.601392274912537e-05,0.0006034064578235506,0.0006034064578235506,0.0,1.0, 2.09984192044533e-12
13,505.9964772766352,0.0,6940.0,7.075596326070558e-06,0.000602508093992374,0.000602508093992374,0.0,1.0, 3.095313491871533e-14
14,505.99589277519897,0.0,6940.0,-8.453933554163012e-06,0.0006024193991993365,0.0006024193991993365,0.0,1.0, 6.991133980556722e-14
15,505.9940038284966,0.0,6940.0,-2.2364682709834647e-05,0.0006138706420983464,0.0006138706420983464,0.0,1.0, 4.626256747212621e-13
16,505.9917263597867,0.0,6940.0,-5.1597399098195085e-05,0.0006327822949027762,0.0006327822949027762,0.0,1.0, 1.6171867063161934e-12
17,505.99128157635437,0.0,6940.0,-0.00012416738046209255,0.0006713226263599292,0.0006713226263599292,0.0,1.0, 1.0053346093475764e-10
18,505.99128157635437,0.0,6940.0,0.0,0.0,0.0,0.0,1.0, 4.451690251388954e-10
19,506.00119328619826,0.0,6940.0,0.0,0.0,0.0,0.0,1.0, 5.229138800919014e-10
20,506.00119328619826,0.0,6940.0,0.00010894318189769271,0.0007275995265218987,0.0007275995265218987,0.0,1.0, 1.1549504347646309e-10
21,506.0010925937778,0.0,6940.0,5.367761925963882e-05,0.0006760345860678769,0.0006760345860678769,0.0,1.0, 2.4382440754647357e-13
22,505.9951559684629,0.0,6940.0,1.1156397398925063e-05,0.0006969111068145614,0.0006969111068145614,0.0,1.0, 6.014526972608632e-14
23,505.9859233646566,0.0,6940.0,-1.2414373713908537e-05,0.0006916150250210385,0.0006916150250210385,0.0,1.0, 1.3528515846009512e-14
24,505.97911015069997,0.0,6940.0,-3.085797716146917e-05,0.0006896506665916445,0.0006896506665916445,0.0,1.0, 3.15666830223278e-14
25,505.9784186647148,0.0,6940.0,-5.701278580891737e-05,0.000680589370181055,0.000680589370181055,0.0,1.0, 3.973048406339405e-13
26,505.98181963314437,0.0,6940.0,-8.184310403151665e-05,0.000657985354763367,0.000657985354763367,0.0,1.0, 1.166386368614756e-10
27,505.98181963314437,0.0,6940.0,0.0,0.0,0.0,0.0,1.0, 4.276722444520101e-10
28,505.9958880294135,0.0,6940.0,0.0,0.0,0.0,0.0,1.0, 4.959866343024646e-10
29,505.9958880294135,0.0,6940.0,4.244338364323613e-05,0.0007086107819950441,0.0007086107819950441,0.0,1.0, 1.115722402505134e-10
30,506.00451450781117,0.0,6940.0,2.9257315317401998e-05,0.0006615464507673026,0.0006615464507673026,0.0,1.0, 8.967048722607945e-13
31,505.99602268644503,0.0,6940.0,6.1753692209924295e-06,0.0006933420675739286,0.0006933420675739286,0.0,1.0, 2.175754319652294e-13
32,505.9762265101153,0.0,6940.0,-9.892560229464732e-06,0.0006872334782956205,0.0006872334782956205,0.0,1.0, 8.647660446834633e-14
33,505.9598330973741,0.0,6940.0,-1.9862354022249586e-05,0.0006766157230127628,0.0006766157230127628,0.0,1.0, 4.282998230415446e-13
34,505.9578478184405,0.0,6940.0,-2.6969106877770542e-05,0.0006577170988058635,0.0006577170988058635,0.0,1.0, 1.3265423041307952e-12
35,505.96594360638284,0.0,6940.0,-2.8714136636817823e-05,0.0006389073862790906,0.0006389073862790906,0.0,1.0, 1.0912918300056286e-10
36,505.96594360638284,0.0,6940.0,0.0,0.0,0.0,0.0,1.0, 4.0325678463519935e-10
37,505.9781576888607,0.0,6940.0,0.0,0.0,0.0,0.0,1.0, 4.785497616424949e-10
38,505.9781576888607,0.0,6940.0,-1.0149234633966945e-05,0.0006960190131558337,0.0006960190131558337,0.0,1.0, 1.0752201431586576e-10
39,505.99724388653834,0.0,6940.0,-4.638586840562495e-06,0.0006519602992538404,0.0006519602992538404,0.0,1.0, 1.1810305481445527e-12
40,505.993328212895,0.0,6940.0,-3.7238957136506742e-06,0.0006858528178992445,0.0006858528178992445,0.0,1.0, 2.7372037249183953e-13
41,505.96819221918446,0.0,6940.0,-4.021202766295287e-06,0.0006782819746959918,0.0006782819746959918,0.0,1.0, 1.8164665503005865e-13
42,505.9412740829927,0.0,6940.0,-1.4709043706718732e-06,0.000662269083992615,0.000662269083992615,0.0,1.0, 7.221407707134324e-13
43,505.93211059257624,0.0,6940.0,5.85310181325277e-06,0.0006405411675955547,0.0006405411675955547,0.0,1.0, 1.3521601357373428e-12
44,505.9403178746603,0.0,6940.0,1.4519231052153975e-05,0.000626498220713296,0.000626498220713296,0.0,1.0, 1.0299477225168729e-10
45,505.9403178746603,0.0,6940.0,0.0,0.0,0.0,0.0,1.0, 3.8778369235786337e-10
46,505.9421409090408,0.0,6940.0,0.0,0.0,0.0,0.0,1.0, 4.682769864326588e-10
47,505.9421409090408,0.0,6940.0,-5.9240136468327e-05,0.0006884589393253547,0.0006884589393253547,0.0,1.0, 1.0655395820207693e-10
48,505.96743740514853,0.0,6940.0,-3.91737628022777e-05,0.0006490025803236108,0.0006490025803236108,0.0,1.0, 1.0736710733681163e-12
49,505.97660948963096,0.0,6940.0,-1.4218529060627747e-05,0.000684466232870875,0.000684466232870875,0.0,1.0, 2.759372928595256e-13
50,505.95645802735737,0.0,6940.0,3.503207170433663e-06,0.0006766065737842318,0.0006766065737842318,0.0,1.0, 2.317882072442828e-13
51,505.9226628768402,0.0,6940.0,1.8873438955660327e-05,0.0006576408422550674,0.0006576408422550674,0.0,1.0, 8.579435885184848e-13
52,505.9012760543856,0.0,6940.0,3.78216008659833e-05,0.0006327825589933842,0.0006327825589933842,0.0,1.0, 1.3763234415989135e-12
53,505.9026130753509,0.0,6940.0,5.31499183373008e-05,0.0006176029061451471,0.0006176029061451471,0.0,1.0, 1.0041558981435039e-10
54,505.9026130753509,0.0,6940.0,0.0,0.0,0.0,0.0,1.0, 3.769061751210213e-10
55,505.87733234557834,0.0,6940.0,0.0,0.0,0.0,0.0,1.0, 4.555690811926418e-10
56,505.87733234557834,0.0,6940.0,-0.00011117394331451693,0.0006789661489694479,0.0006789661489694479,0.0,1.0, 1.0461358081194732e-10
57,505.90373231086465,0.0,6940.0,-7.047695319820005e-05,0.000642695134386391,0.000642695134386391,0.0,1.0, 5.092147154822798e-13
58,505.9331102122587,0.0,6940.0,-2.2581775128622315e-05,0.0006773673379950475,0.0006773673379950475,0.0,1.0, 2.2408731588676926e-13
59,505.927288122046,0.0,6940.0,1.0779188345703545e-05,0.0006711838030648689,0.0006711838030648689,0.0,1.0, 1.740126750394341e-13
60,505.89096430580327,0.0,6940.0,3.7948512600116836e-05,0.0006532963663769825,0.0006532963663769825,0.0,1.0, 6.729406296468453e-13
61,505.85646780086967,0.0,6940.0,6.887159736306258e-05,0.0006277410199163903,0.0006277410199163903,0.0,1.0, 1.196983130749511e-12
62,505.8472762326325,0.0,6940.0,9.247869905410672e-05,0.0006085945645286379,0.0006085945645286379,0.0,1.0, 9.888949137094172e-11
63,505.8472762326325,0.0,6940.0,0.0,0.0,0.0,0.0,1.0, 3.660713519290424e-10
64,505.7674126514473,0.0,6940.0,0.0,0.0,0.0,0.0,1.0, 4.2014606327750483e-10
65,505.7674126514473,0.0,6940.0,-0.000161166469525175,0.000651893686284735,0.000651893686284735,0.0,1.0, 9.218225838557304e-11
66,505.79336909742227,0.0,6940.0,-8.456452741680729e-05,0.000609337628665815,0.000609337628665815,0.0,1.0, 2.0778831581368622e-13
67,505.84510284348966,0.0,6940.0,-2.4000784878701593e-05,0.0006324733145908335,0.0006324733145908335,0.0,1.0, 1.2003000302784596e-13
68,505.85626424474725,0.0,6940.0,1.4690793991057087e-05,0.0006297162113175868,0.0006297162113175868,0.0,1.0, 4.038694282630284e-14
69,505.8186777460114,0.0,6940.0,4.780993988742924e-05,0.000619691629324648,0.000619691629324648,0.0,1.0, 1.3869505076891242e-13
70,505.77593049650324,0.0,6940.0,9.119240015546836e-05,0.0006063532077369304,0.0006063532077369304,0.0,1.0, 1.8635778867423363e-13
71,505.7603571400446,0.0,6940.0,0.00013168296799724819,0.000592326032253328,0.000592326032253328,0.0,1.0, 9.152590498055439e-11
72,505.7603571400446,0.0,6940.0,0.0,0.0,0.0,0.0,1.0, 3.468809946631965e-10
73,505.5975028321308,0.0,6940.0,0.0,0.0,0.0,0.0,1.0, 2.8288139846962637e-10
74,505.5975028321308,0.0,6940.0,-0.0001520086083109328,0.0005347279650651442,0.0005347279650651442,0.0,1.0, 5.929463066040477e-11
75,505.61978729249216,0.0,6940.0,-4.893698432830725e-05,0.00046239050197356885,0.00046239050197356885,0.0,1.0, 2.9585579255394464e-12
76,505.6819064441006,0.0,6940.0,-1.4182804556274836e-05,0.00046531196767157844,0.00046531196767157844,0.0,1.0, 1.556802401252691e-13
77,505.70257047047784,0.0,6940.0,1.1073840168409396e-05,0.00046976673624296356,0.00046976673624296356,0.0,1.0, 7.870381795886407e-14
78,505.6659339599559,0.0,6940.0,3.401923206517815e-05,0.00047544665403629883,0.00047544665403629883,0.0,1.0, 7.267263666095844e-13
79,505.62604105891484,0.0,6940.0,7.113765498598748e-05,0.0004953762225325877,0.0004953762225325877,0.0,1.0, 3.2707579635669415e-12
80,505.61367230557767,0.0,6940.0,0.00014376675530837778,0.0005455996256875811,0.0005455996256875811,0.0,1.0, 6.497073916843091e-11
81,505.61367230557767,0.0,6940.0,0.0,0.0,0.0,0.0,1.0, 2.944821297018051e-10
82,505.35592910072967,0.0,6940.0,0.0,0.0,0.0,0.0,1.0, 1.4113245721412063e-17
83,505.35592910072967,0.0,6940.0,-6.894736659830624e-08,1.193813810810459e-07,1.193813810810459e-07,0.0,1.0, 5.716162979801881e-12
84,505.36753074813123,0.0,6940.0,-8.224463121550798e-09,8.693116653539133e-08,8.693116653539133e-08,0.0,1.0, 5.924115553812211e-13
85,505.39561668062595,0.0,6940.0,-7.585902870577558e-09,4.663768523399831e-08,4.663768523399831e-08,0.0,1.0, 4.975387495874998e-14
86,505.4050062087756,0.0,6940.0,8.448161145777529e-10,5.099691158307038e-08,5.099691158307038e-08,0.0,1.0, 3.033070789627149e-14
87,505.38906654412585,0.0,6940.0,8.932532956206578e-09,7.209962646471245e-08,7.209962646471245e-08,0.0,1.0, 2.8626098095700706e-13
88,505.3708498164401,0.0,6940.0,3.0488839477657146e-08,1.240147929581052e-07,1.240147929581052e-07,0.0,1.0, 1.251822169303674e-12
89,505.36446215929686,0.0,6940.0,7.917724623205114e-08,1.8520830809704933e-07,1.8520830809704933e-07,0.0,1.0, 5.112939978844745e-12
90,505.36446215929686,0.0,6940.0,0.0,0.0,0.0,0.0,1.0, 3.3967217178632725e-17
91,505.00364732504113,0.0,6940.0,0.0,0.0,0.0,0.04408436986130804,0.955915630138692, 1.7225058226377568e-55
92,505.00364732504113,0.0,6940.0,-2.5406066383369028e-26,1.3179551939357872e-26,1.3179551939357872e-26,0.04408436986130804,0.955915630138692, 1.1776308189153309e-18
93,505.0036483744202,0.0,6940.0,-1.45187500611493e-26,1.0451186342204117e-26,1.0451186342204117e-26,0.04395319747324544,0.9560468025267546, 1.6756716020160397e-20
94,505.0036498666186,0.0,6940.0,-6.719928412028719e-27,4.2970470749251905e-27,4.2970470749251905e-27,0.04376667267086409,0.9562333273291359, 1.4255693434166905e-20
95,505.0036503448916,0.0,6940.0,-2.6625514825576704e-27,2.143704670489206e-27,2.143704670489206e-27,0.043706888551875434,0.9562931114481246, 1.7680647662774105e-22
96,505.0036493971389,0.0,6940.0,2.975687411149291e-27,8.112529669575738e-27,8.112529669575738e-27,0.043825357642190976,0.956174642357809, 1.9766193707801377e-20
97,505.0036481521225,0.0,6940.0,1.4335851725098587e-26,1.9265830954870063e-26,1.9265830954870063e-26,0.04398098468966216,0.9560190153103378, 2.3027966150840755e-19
98,505.0036475297061,0.0,6940.0,2.898179398275664e-26,2.4748631275574048e-26,2.4748631275574048e-26,0.04405878673818808,0.9559412132618119, 1.5530111792015114e-18
99,505.0036475297061,0.0,6940.0,0.0,0.0,0.0,0.044058786738243594,0.9559412132617564, 6.0738180365202985e-55
100,502.0,0.0,6940.0,0.0,0.0,0.0,1.0,0.0, 0.0
101,502.0,0.0,6940.0,0.0,0.0,0.0,1.0,0.0, 6.4727709630025994e-55
102,502.0,0.0,6940.0,0.0,0.0,0.0,1.0,0.0, 2.1138484158840942e-55
103,502.0,0.0,6940.0,0.0,0.0,0.0,1.0,0.0, 4.528398896364253e-56
104,502.0,0.0,6940.0,0.0,0.0,0.0,1.0,0.0, 7.109047414219435e-57
105,502.0,0.0,6940.0,0.0,0.0,0.0,1.0,0.0, 8.879530395753701e-57
106,502.0,0.0,6940.0,0.0,0.0,0.0,1.0,0.0, 2.060925931624696e-55
107,502.0,0.0,6940.0,0.0,0.0,0.0,1.0,0.0, 8.422982778809473e-55
108,502.0,0.0,6940.0,0.0,0.0,0.0,1.0,0.0, 0.0
1,506.0,0.0,6940.0,0.0,0.0,0.0,0.0,1.0, 0.0
2,506.0,0.0,6940.0,0.0,0.0,0.0,0.0,1.0, 4.196527420697981e-11
3,506.0,0.0,6940.0,0.0,0.0,0.0,0.0,1.0, 1.936463518447575e-12
4,506.0,0.0,6940.0,0.0,0.0,0.0,0.0,1.0, 6.001955490126851e-14
5,506.0,0.0,6940.0,0.0,0.0,0.0,0.0,1.0, 1.7540252880075573e-13
6,506.0,0.0,6940.0,0.0,0.0,0.0,0.0,1.0, 9.801212708629495e-13
7,506.0,0.0,6940.0,0.0,0.0,0.0,0.0,1.0, 5.107554228248296e-12
8,506.0,0.0,6940.0,0.0,0.0,0.0,0.0,1.0, 2.8623456859106713e-11
9,506.0,0.0,6940.0,0.0,0.0,0.0,0.0,1.0, 0.0
10,505.99366140657827,0.0,6940.0,0.0,0.0,0.0,0.0,1.0, 5.616115361285662e-10
11,505.99366140657827,0.0,6940.0,0.00020619785390377013,0.0007540304222955186,0.0007540304222955186,0.0,1.0, 1.0896911536387859e-10
12,505.9940852821379,0.0,6940.0,4.4293884418791516e-05,0.0006464549580739687,0.0006464549580739687,0.0,1.0, 3.923821879440138e-12
13,505.99412450710275,0.0,6940.0,7.798040626618998e-06,0.0006497362611546343,0.0006497362611546343,0.0,1.0, 3.830727543399575e-14
14,505.99191787509005,0.0,6940.0,-1.333082518914303e-05,0.0006494943323828667,0.0006494943323828667,0.0,1.0, 1.4968818001040053e-13
15,505.98813540675394,0.0,6940.0,-3.151222113864291e-05,0.0006657474052963401,0.0006657474052963401,0.0,1.0, 8.965662450314414e-13
16,505.98615297794674,0.0,6940.0,-7.193588673872247e-05,0.000692375098105075,0.000692375098105075,0.0,1.0, 3.400880698107279e-12
17,505.98721517773134,0.0,6940.0,-0.00017029431479260255,0.0007536440994384549,0.0007536440994384549,0.0,1.0, 1.2128235219682058e-10
18,505.98721517773134,0.0,6940.0,0.0,0.0,0.0,0.0,1.0, 5.61050502291638e-10
19,505.9919531650046,0.0,6940.0,0.0,0.0,0.0,0.0,1.0, 6.775740074295337e-10
20,505.9919531650046,0.0,6940.0,0.000152919114406369,0.0008282239041334942,0.0008282239041334942,0.0,1.0, 1.4524306792128714e-10
21,505.98757709586886,0.0,6940.0,7.082402041569923e-05,0.0007505068646973675,0.0007505068646973675,0.0,1.0, 4.375831102606207e-13
22,505.9812832783228,0.0,6940.0,1.2082935538260398e-05,0.0007879810082498632,0.0007879810082498632,0.0,1.0, 2.0648627399947487e-13
23,505.974577671138,0.0,6940.0,-1.8710001705665545e-05,0.000779081652608828,0.000779081652608828,0.0,1.0, 2.9098989623982623e-14
24,505.97120370990564,0.0,6940.0,-4.234562700697011e-05,0.0007771499047251789,0.0007771499047251789,0.0,1.0, 8.393104521707523e-14
25,505.97295709269525,0.0,6940.0,-7.778285801627715e-05,0.0007624478064273411,0.0007624478064273411,0.0,1.0, 9.736105897237942e-13
26,505.9763321751087,0.0,6940.0,-0.00010838008661096391,0.0007309580925433101,0.0007309580925433101,0.0,1.0, 1.4858079383616346e-10
27,505.9763321751087,0.0,6940.0,0.0,0.0,0.0,0.0,1.0, 5.278043782164858e-10
28,505.9835045338418,0.0,6940.0,0.0,0.0,0.0,0.0,1.0, 6.3370808849659e-10
29,505.9835045338418,0.0,6940.0,4.834866843753297e-05,0.000800952508306164,0.000800952508306164,0.0,1.0, 1.3983518232567412e-10
30,505.9766849658884,0.0,6940.0,3.194175434532364e-05,0.0007287913640715503,0.0007287913640715503,0.0,1.0, 2.2048881019975402e-12
31,505.96480960889494,0.0,6940.0,3.3683628079681655e-06,0.0007846669334985566,0.0007846669334985566,0.0,1.0, 7.407897058327151e-13
32,505.95245848896917,0.0,6940.0,-1.4048554490345556e-05,0.0007773330167963502,0.0007773330167963502,0.0,1.0, 1.3265496897309502e-13
33,505.9479821392452,0.0,6940.0,-2.3561663049071157e-05,0.0007655979566862411,0.0007655979566862411,0.0,1.0, 9.804885372242423e-13
34,505.95334865668764,0.0,6940.0,-2.9391918290309695e-05,0.0007365153783077808,0.0007365153783077808,0.0,1.0, 3.348452315051587e-12
35,505.9597558527436,0.0,6940.0,-2.7726046044656137e-05,0.0007076301051514507,0.0007076301051514507,0.0,1.0, 1.393862658293845e-10
36,505.9597558527436,0.0,6940.0,0.0,0.0,0.0,0.0,1.0, 4.946853964370763e-10
37,505.9581636435195,0.0,6940.0,0.0,0.0,0.0,0.0,1.0, 6.039017995900567e-10
38,505.9581636435195,0.0,6940.0,-3.451010371815613e-05,0.0007818501996556171,0.0007818501996556171,0.0,1.0, 1.310667415395629e-10
39,505.95394127704503,0.0,6940.0,-2.228548036012489e-05,0.0007109262863572869,0.0007109262863572869,0.0,1.0, 2.9088675756495675e-12
40,505.9423138028607,0.0,6940.0,-1.3287880465177371e-05,0.0007685114967291588,0.0007685114967291588,0.0,1.0, 9.229663903059705e-13
41,505.9268945452769,0.0,6940.0,-5.534136352648852e-06,0.0007618148449556052,0.0007618148449556052,0.0,1.0, 2.1046886420027552e-13
42,505.9188482225656,0.0,6940.0,5.66918876257912e-06,0.000745886364578286,0.000745886364578286,0.0,1.0, 1.4421709463032073e-12
43,505.92230988785104,0.0,6940.0,2.323586881947106e-05,0.000714728313932206,0.000714728313932206,0.0,1.0, 3.353354906894947e-12
44,505.9285774603201,0.0,6940.0,3.97110066684723e-05,0.000691694623753315,0.000691694623753315,0.0,1.0, 1.3019290121144355e-10
45,505.9285774603201,0.0,6940.0,0.0,0.0,0.0,0.0,1.0, 4.727143801333287e-10
46,505.9043674548126,0.0,6940.0,0.0,0.0,0.0,0.0,1.0, 5.852492631300322e-10
47,505.9043674548126,0.0,6940.0,-0.00011065900415519516,0.000769599272190471,0.000769599272190471,0.0,1.0, 1.2849109657649634e-10
48,505.91052182746887,0.0,6940.0,-7.580051936991692e-05,0.0007045638221066913,0.0007045638221066913,0.0,1.0, 2.389691416986821e-12
49,505.9089082217762,0.0,6940.0,-3.0513955797046785e-05,0.0007600432163497128,0.0007600432163497128,0.0,1.0, 7.643163608063169e-13
50,505.8930483661052,0.0,6940.0,4.402133712552787e-06,0.0007519215369915673,0.0007519215369915673,0.0,1.0, 2.7373699360279955e-13
51,505.8772012145184,0.0,6940.0,3.663736672639998e-05,0.0007332797957685414,0.0007332797957685414,0.0,1.0, 1.5297876253747865e-12
52,505.8717179012525,0.0,6940.0,7.379153779817306e-05,0.0007001732094169703,0.0007001732094169703,0.0,1.0, 3.1256418691089225e-12
53,505.8753003919992,0.0,6940.0,9.977503550775522e-05,0.000677519289027846,0.000677519289027846,0.0,1.0, 1.2454332570094537e-10
54,505.87530039199913,0.0,6940.0,0.0,0.0,0.0,0.0,1.0, 4.5363318144350344e-10
55,505.8072313998238,0.0,6940.0,0.0,0.0,0.0,0.0,1.0, 5.584718989661349e-10
56,505.8072313998238,0.0,6940.0,-0.0001886173742827828,0.0007516427599486919,0.0007516427599486919,0.0,1.0, 1.2439228582377453e-10
57,505.84063536582926,0.0,6940.0,-0.00012021275717747657,0.0006947591367926405,0.0006947591367926405,0.0,1.0, 8.19161413176926e-13
58,505.85857388033594,0.0,6940.0,-4.2476060877416075e-05,0.0007418359718043674,0.0007418359718043674,0.0,1.0, 3.389111419723066e-13
59,505.8361652397717,0.0,6940.0,1.426664933521456e-05,0.0007303131483575141,0.0007303131483575141,0.0,1.0, 2.9535207073286243e-13
60,505.80472175594474,0.0,6940.0,6.497158653056588e-05,0.0007114962377041972,0.0007114962377041972,0.0,1.0, 1.0380591256743562e-12
61,505.7897989228081,0.0,6940.0,0.00012095545949376043,0.0006809263681234035,0.0006809263681234035,0.0,1.0, 2.1468698230859667e-12
62,505.7943854200231,0.0,6940.0,0.00015748410912834273,0.0006591724932194539,0.0006591724932194539,0.0,1.0, 1.1748523750844213e-10
63,505.7943854200231,0.0,6940.0,0.0,0.0,0.0,0.0,1.0, 4.2953502286912413e-10
64,505.65652938293533,0.0,6940.0,0.0,0.0,0.0,0.0,1.0, 4.881685295540565e-10
65,505.65652938293533,0.0,6940.0,-0.00025446802850770346,0.0007025322907679996,0.0007025322907679996,0.0,1.0, 1.0252070693049982e-10
66,505.74024051813757,0.0,6940.0,-0.00013255817678293648,0.0006432608864155013,0.0006432608864155013,0.0,1.0, 9.833670407351159e-13
67,505.7816815105927,0.0,6940.0,-4.0890944463397975e-05,0.0006665019196020739,0.0006665019196020739,0.0,1.0, 1.2934283594651642e-13
68,505.73172294068803,0.0,6940.0,2.098499375143151e-05,0.0006500145528164235,0.0006500145528164235,0.0,1.0, 1.9106229363920294e-13
69,505.6768682557462,0.0,6940.0,7.862250415910552e-05,0.0006390320138155111,0.0006390320138155111,0.0,1.0, 1.0149166598423035e-13
70,505.66508294360125,0.0,6940.0,0.00015095007126320037,0.0006328682209923443,0.0006328682209923443,0.0,1.0, 4.699130094002599e-14
71,505.67963518428957,0.0,6940.0,0.00020808114843295355,0.0006286028643496955,0.0006286028643496955,0.0,1.0, 9.974071371118351e-11
72,505.67963518428957,0.0,6940.0,0.0,0.0,0.0,0.0,1.0, 3.907960987039378e-10
73,505.4711060808456,0.0,6940.0,0.0,0.0,0.0,0.0,1.0, 2.8335935339707593e-10
74,505.4711060808456,0.0,6940.0,-0.00021726881524073932,0.0005350457190961781,0.0005350457190961781,0.0,1.0, 6.452910289647413e-11
75,505.5890618279324,0.0,6940.0,-6.842489894828097e-05,0.00044280896696938373,0.00044280896696938373,0.0,1.0, 6.600410748407839e-12
76,505.64637970346723,0.0,6940.0,-2.061098093345506e-05,0.00043950404998777646,0.00043950404998777646,0.0,1.0, 5.232881386540512e-13
77,505.55292970858363,0.0,6940.0,1.854735790384219e-05,0.00042170097281782836,0.00042170097281782836,0.0,1.0, 1.30121590579963e-13
78,505.48260787815116,0.0,6940.0,5.4174966980302064e-05,0.00043022983688274915,0.00043022983688274915,0.0,1.0, 2.332582940787739e-12
79,505.4906557388259,0.0,6940.0,0.00011193669295234902,0.00047871321882980375,0.00047871321882980375,0.0,1.0, 1.0548225119289104e-11
80,505.5157220190641,0.0,6940.0,0.00021114135711458595,0.00057117322961658,0.00057117322961658,0.0,1.0, 6.73993028994368e-11
81,505.5157220190641,0.0,6940.0,0.0,0.0,0.0,0.0,1.0, 3.228604074813914e-10
82,505.27498601973434,0.0,6940.0,0.0,0.0,0.0,0.0,1.0, 5.586678766625405e-19
83,505.27498601973434,0.0,6940.0,-2.731404282937406e-08,2.3748185395798447e-08,2.3748185395798447e-08,0.0,1.0, 1.1681591667909848e-11
84,505.3180131883449,0.0,6940.0,-3.988760616920244e-09,8.072791166040322e-09,8.072791166040322e-09,0.0,1.0, 1.1584083934148327e-12
85,505.34240645521385,0.0,6940.0,-2.6252956136631752e-09,-9.103203490063621e-09,-9.103203490063621e-09,0.0,1.0, 1.0509668449499079e-13
86,505.3029492305377,0.0,6940.0,9.710137232741676e-10,-1.0550660214628448e-08,-1.0550660214628448e-08,0.0,1.0, 8.511837555980036e-14
87,505.269195283046,0.0,6940.0,3.3798344646996472e-09,-2.1021647250409e-09,-2.1021647250409e-09,0.0,1.0, 7.262976986828565e-13
88,505.2704305609146,0.0,6940.0,1.2272437108589147e-08,2.3780758814349227e-08,2.3780758814349227e-08,0.0,1.0, 3.1007027005396993e-12
89,505.28106014740166,0.0,6940.0,3.2104035271409654e-08,5.7702159496754804e-08,5.7702159496754804e-08,0.0,1.0, 1.1031724553867255e-11
90,505.28106014740166,0.0,6940.0,0.0,0.0,0.0,0.0,1.0, 3.2981205911137984e-18
91,505.0034446117678,0.0,6940.0,0.0,0.0,0.0,0.0694235290212285,0.9305764709787715, 7.656333820836778e-57
92,505.0034446117678,0.0,6940.0,-2.3994782306275004e-26,2.778628927042713e-27,2.778628927042713e-27,0.0694235290212285,0.9305764709787715, 1.8481878764877547e-19
93,505.00344707570366,0.0,6940.0,-1.4231856485482098e-26,-7.753322667102823e-27,-7.753322667102823e-27,0.0691155370413642,0.9308844629586358, 3.9413961412322e-21
94,505.00344925916363,0.0,6940.0,-6.703364782261362e-27,-1.7658192796594983e-26,-1.7658192796594983e-26,0.06884260454353963,0.9311573954564604, 1.7073814664196805e-21
95,505.003448604965,0.0,6940.0,-2.98196707921932e-27,-2.0841075054009816e-26,-2.0841075054009816e-26,0.06892437937222595,0.931075620627774, 2.3357420196871777e-22
96,505.00344630242387,0.0,6940.0,1.7886335580085434e-27,-1.3279537477442156e-26,-1.3279537477442156e-26,0.06921219701805359,0.9307878029819464, 2.829860338927455e-21
97,505.0034447975031,0.0,6940.0,1.2892784305957757e-26,2.6656575010825224e-27,2.6656575010825224e-27,0.06940031211238862,0.9305996878876114, 3.731090429216394e-20
98,505.00344446691105,0.0,6940.0,2.8395436051412823e-26,1.600506028216127e-26,1.600506028216127e-26,0.06944163611749532,0.9305583638825047, 2.5532503078726477e-19
99,505.00344446691105,0.0,6940.0,0.0,0.0,0.0,0.06944163611749532,0.9305583638825047, 2.5402378576227126e-55
100,502.0,0.0,6940.0,0.0,0.0,0.0,1.0,0.0, 0.0
101,502.0,0.0,6940.0,0.0,0.0,0.0,1.0,0.0, 5.773630827289399e-55
102,502.0,0.0,6940.0,0.0,0.0,0.0,1.0,0.0, 2.031133617109904e-55
103,502.0,0.0,6940.0,0.0,0.0,0.0,1.0,0.0, 4.506102741427683e-56
104,502.0,0.0,6940.0,0.0,0.0,0.0,1.0,0.0, 8.917047333649265e-57
105,502.0,0.0,6940.0,0.0,0.0,0.0,1.0,0.0, 3.20817560534507e-57
106,502.0,0.0,6940.0,0.0,0.0,0.0,1.0,0.0, 1.6668971996410264e-55
107,502.0,0.0,6940.0,0.0,0.0,0.0,1.0,0.0, 8.085603997509939e-55
108,502.0,0.0,6940.0,0.0,0.0,0.0,1.0,0.0, 0.0
1,506.0,0.0,6940.0,0.0,0.0,0.0,0.0,1.0, 0.0
2,506.0,0.0,6940.0,0.0,0.0,0.0,0.0,1.0, 5.880979704837043e-11
3,506.0,0.0,6940.0,0.0,0.0,0.0,0.0,1.0, 2.154946340282325e-12
4,506.0,0.0,6940.0,0.0,0.0,0.0,0.0,1.0, 6.22067073532138e-14
5,506.0,0.0,6940.0,0.0,0.0,0.0,0.0,1.0, 2.729336323824558e-13
6,506.0,0.0,6940.0,0.0,0.0,0.0,0.0,1.0, 1.3443304244152496e-12
7,506.0,0.0,6940.0,0.0,0.0,0.0,0.0,1.0, 7.01446825138869e-12
8,506.0,0.0,6940.0,0.0,0.0,0.0,0.0,1.0, 3.853880460833938e-11
9,506.0,0.0,6940.0,0.0,0.0,0.0,0.0,1.0, 0.0
10,505.99158992306366,0.0,6940.0,0.0,0.0,0.0,0.0,1.0, 6.061389980810287e-10
11,505.99158992306366,0.0,6940.0,0.0002440978468499593,0.0007833488203347585,0.0007833488203347585,0.0,1.0, 1.1401846326563205e-10
12,505.9903876435483,0.0,6940.0,4.672586376975151e-05,0.00065611955176029,0.00065611955176029,0.0,1.0, 5.121711918545388e-12
13,505.98764644820574,0.0,6940.0,7.938852178818797e-06,0.0006623738273374459,0.0006623738273374459,0.0,1.0, 4.052195278816656e-14
14,505.9847085837069,0.0,6940.0,-1.662905753057932e-05,0.0006619957552819888,0.0006619957552819888,0.0,1.0, 2.1552314506365258e-13
15,505.9832925307053,0.0,6940.0,-3.690558739618174e-05,0.0006818199923178085,0.0006818199923178085,0.0,1.0, 1.2132838641009035e-12
16,505.9830970949901,0.0,6940.0,-8.430172963015288e-05,0.0007133260953415309,0.0007133260953415309,0.0,1.0, 4.724425104095728e-12
17,505.98263651991505,0.0,6940.0,-0.00019760058594946633,0.0007883510023723141,0.0007883510023723141,0.0,1.0, 1.2921534169814867e-10
18,505.98263651991505,0.0,6940.0,0.0,0.0,0.0,0.0,1.0, 6.139266091208411e-10
19,505.97652355318536,0.0,6940.0,0.0,0.0,0.0,0.0,1.0, 7.539775659207761e-10
20,505.97652355318536,0.0,6940.0,0.00017676216168407513,0.0008736457340297895,0.0008736457340297895,0.0,1.0, 1.6281096368217999e-10
21,505.97611861046096,0.0,6940.0,7.816488225633574e-05,0.0007857263597053721,0.0007857263597053721,0.0,1.0, 4.3128264956090893e-13
22,505.97320131902404,0.0,6940.0,1.138671462556008e-05,0.0008384820707455977,0.0008384820707455977,0.0,1.0, 4.4048764060159855e-13
23,505.96899204738463,0.0,6940.0,-2.224743418307279e-05,0.0008266843192319695,0.0008266843192319695,0.0,1.0, 5.4250938603680974e-14
24,505.9651868420669,0.0,6940.0,-4.774829873975485e-05,0.0008237460993347678,0.0008237460993347678,0.0,1.0, 2.2057358811357605e-13
25,505.96275690495463,0.0,6940.0,-8.824825617054758e-05,0.0008018573219912604,0.0008018573219912604,0.0,1.0, 1.9800605717644587e-12
26,505.9616194990262,0.0,6940.0,-0.00012004905056650201,0.0007591326808563017,0.0007591326808563017,0.0,1.0, 1.6689735193741066e-10
27,505.9616194990262,0.0,6940.0,0.0,0.0,0.0,0.0,1.0, 5.693098067407067e-10
28,505.9516659347609,0.0,6940.0,0.0,0.0,0.0,0.0,1.0, 6.941407836078634e-10
29,505.9516659347609,0.0,6940.0,3.934358150817252e-05,0.0008382211079410605,0.0008382211079410605,0.0,1.0, 1.579973995139754e-10
30,505.9528834837881,0.0,6940.0,2.413696315242035e-05,0.0007606372276475991,0.0007606372276475991,0.0,1.0, 4.114042968867451e-12
31,505.95125711872834,0.0,6940.0,-2.3634194255852084e-06,0.0008403929796889651,0.0008403929796889651,0.0,1.0, 1.6557509669175634e-12
32,505.94708941676583,0.0,6940.0,-1.5041309152763833e-05,0.0008329471183579504,0.0008329471183579504,0.0,1.0, 2.1130860465871063e-13
33,505.9412288085024,0.0,6940.0,-2.0264054566811743e-05,0.0008179056750552826,0.0008179056750552826,0.0,1.0, 1.980066510817405e-12
34,505.9361836195156,0.0,6940.0,-2.2291491739840518e-05,0.0007752793590555094,0.0007752793590555094,0.0,1.0, 6.514068110216937e-12
35,505.93384710172256,0.0,6940.0,-1.6451098157194492e-05,0.0007321109986000441,0.0007321109986000441,0.0,1.0, 1.5755492039870326e-10
36,505.93384710172256,0.0,6940.0,0.0,0.0,0.0,0.0,1.0, 5.295595804547267e-10
37,505.91011153532617,0.0,6940.0,0.0,0.0,0.0,0.0,1.0, 6.510976581407706e-10
38,505.91011153532617,0.0,6940.0,-7.058694708262723e-05,0.0008117498334041706,0.0008117498334041706,0.0,1.0, 1.4447858470333592e-10
39,505.91381371941924,0.0,6940.0,-5.0927784641927124e-05,0.0007354777258480038,0.0007354777258480038,0.0,1.0, 5.394174030296218e-12
40,505.9158255467268,0.0,6940.0,-2.703503185784004e-05,0.000817276297623398,0.000817276297623398,0.0,1.0, 2.057607551954832e-12
41,505.91345928276127,0.0,6940.0,-3.5359183387204957e-06,0.0008126846914794432,0.0008126846914794432,0.0,1.0, 2.9732698187603267e-13
42,505.9061042273156,0.0,6940.0,2.076864321680748e-05,0.0007934913560603116,0.0007934913560603116,0.0,1.0, 2.7297189149905265e-12
43,505.8985983178235,0.0,6940.0,4.968751920225015e-05,0.0007487086075858663,0.0007487086075858663,0.0,1.0, 6.430606590277102e-12
44,505.8952496683314,0.0,6940.0,7.188267937679277e-05,0.0007125410277608631,0.0007125410277608631,0.0,1.0, 1.4526877490558264e-10
45,505.8952496683314,0.0,6940.0,0.0,0.0,0.0,0.0,1.0, 5.017033317704874e-10
46,505.84471337615895,0.0,6940.0,0.0,0.0,0.0,0.0,1.0, 6.250709577341887e-10
47,505.84471337615895,0.0,6940.0,-0.0001703674542169506,0.0007952572881271293,0.0007952572881271293,0.0,1.0, 1.3899064266004913e-10
48,505.85051969692455,0.0,6940.0,-0.00012358792808888779,0.0007234701010772232,0.0007234701010772232,0.0,1.0, 4.033975272340062e-12
49,505.8574448821238,0.0,6940.0,-5.105207853395782e-05,0.0007978472576987577,0.0007978472576987577,0.0,1.0, 1.4672906255657393e-12
50,505.8598792538423,0.0,6940.0,1.0225266144196264e-05,0.0007909684088110818,0.0007909684088110818,0.0,1.0, 3.9323547637636746e-13
51,505.85358396144557,0.0,6940.0,6.317729133546917e-05,0.0007701449623635024,0.0007701449623635024,0.0,1.0, 2.5689382081294143e-12
52,505.84504269727523,0.0,6940.0,0.00011732451587941464,0.0007267618282222044,0.0007267618282222044,0.0,1.0, 5.371493983665148e-12
53,505.8406707523436,0.0,6940.0,0.00014936066137655348,0.000694502565974867,0.000694502565974867,0.0,1.0, 1.358806558882552e-10
54,505.8406707523436,0.0,6940.0,0.0,0.0,0.0,0.0,1.0, 4.767258000097786e-10
55,505.7524680500635,0.0,6940.0,0.0,0.0,0.0,0.0,1.0, 5.917396261447347e-10
56,505.7524680500635,0.0,6940.0,-0.00026840511492747394,0.0007736225479025606,0.0007736225479025606,0.0,1.0, 1.2850538655515013e-10
57,505.7521515725766,0.0,6940.0,-0.0001787240512578386,0.0007013744041349445,0.0007013744041349445,0.0,1.0, 8.970946525132304e-13
58,505.76054431881585,0.0,6940.0,-6.423199817207205e-05,0.0007551405943601237,0.0007551405943601237,0.0,1.0, 4.865892107312941e-13
59,505.77554106721556,0.0,6940.0,2.5182842503787527e-05,0.0007454983228463857,0.0007454983228463857,0.0,1.0, 3.0494101956731184e-13
60,505.7783575383726,0.0,6940.0,0.00010001121300379935,0.0007298430791714872,0.0007298430791714872,0.0,1.0, 1.2265247554062314e-12
61,505.7695713543131,0.0,6940.0,0.00017629457219225057,0.000695948817365158,0.000695948817365158,0.0,1.0, 2.8945603141019026e-12
62,505.7616170953593,0.0,6940.0,0.0002193613403849115,0.0006703312419921171,0.0006703312419921171,0.0,1.0, 1.2352097251385137e-10
63,505.7616170953593,0.0,6940.0,0.0,0.0,0.0,0.0,1.0, 4.442583752655005e-10
64,505.6333487275179,0.0,6940.0,0.0,0.0,0.0,0.0,1.0, 5.0339066241474e-10
65,505.6333487275179,0.0,6940.0,-0.0003376452432417918,0.0007133687315768132,0.0007133687315768132,0.0,1.0, 9.318368770313958e-11
66,505.6077131289577,0.0,6940.0,-0.00018094822513066292,0.0006138161246251738,0.0006138161246251738,0.0,1.0, 4.291816258314949e-12
67,505.60343510764073,0.0,6940.0,-5.571311672481019e-05,0.0006251727057310585,0.0006251727057310585,0.0,1.0, 3.725658679516495e-13
68,505.6508208363103,0.0,6940.0,3.460304805464771e-05,0.0006232400723811011,0.0006232400723811011,0.0,1.0, 6.099609256242856e-15
69,505.6772627376514,0.0,6940.0,0.00011327037221239146,0.0006301375772758535,0.0006301375772758535,0.0,1.0, 1.88427372671225e-13
70,505.65987122567464,0.0,6940.0,0.00020774364545378006,0.0006302705187526292,0.0006302705187526292,0.0,1.0, 1.8388043092619536e-13
71,505.64341006392647,0.0,6940.0,0.00027348419468265536,0.0006294858067031337,0.0006294858067031337,0.0,1.0, 9.869589004423205e-11
72,505.64341006392647,0.0,6940.0,0.0,0.0,0.0,0.0,1.0, 3.9195085650169373e-10
73,505.4809806747875,0.0,6940.0,0.0,0.0,0.0,0.0,1.0, 2.650493042281818e-10
74,505.4809806747875,0.0,6940.0,-0.0002620660074983026,0.0005174804361387466,0.0005174804361387466,0.0,1.0, 6.04510453146382e-11
75,505.4197634690346,0.0,6940.0,-8.083706617438757e-05,0.0003610966742314401,0.0003610966742314401,0.0,1.0, 1.6760644826396923e-11
76,505.380135709746,0.0,6940.0,-2.6567255539986064e-05,0.00033039417762098565,0.00033039417762098565,0.0,1.0, 7.885868286287941e-13
77,505.48254410037555,0.0,6940.0,2.5052505675055347e-05,0.00035191829504599144,0.00035191829504599144,0.0,1.0, 1.3097519353296585e-12
78,505.5368939340562,0.0,6940.0,7.330558491343557e-05,0.0003943990870659218,0.0003943990870659218,0.0,1.0, 5.6807321259924966e-12
79,505.4932402870519,0.0,6940.0,0.00014902233579978998,0.00045262789406076324,0.00045262789406076324,0.0,1.0, 1.7999861303316458e-11
80,505.4714130273654,0.0,6940.0,0.0002626816839546741,0.0005665155232672656,0.0005665155232672656,0.0,1.0, 6.918839730704707e-11
81,505.4714130273654,0.0,6940.0,0.0,0.0,0.0,0.0,1.0, 3.176719488540315e-10
82,505.2465634696349,0.0,6940.0,0.0,0.0,0.0,0.0,1.0, 7.292808556026756e-20
83,505.2465634696349,0.0,6940.0,-1.3051213241626378e-08,8.579787994823927e-09,8.579787994823927e-09,0.0,1.0, 1.6997203502605956e-11
84,505.22670877767484,0.0,6940.0,-1.6143544763991126e-09,-1.8253477666963359e-09,-1.8253477666963359e-09,0.0,1.0, 1.6173772774577749e-12
85,505.2133949994209,0.0,6940.0,-1.9976642820104322e-09,-1.1923801969053297e-08,-1.1923801969053297e-08,0.0,1.0, 1.7470548653052705e-13
86,505.2534191778887,0.0,6940.0,-4.705005699880051e-10,-1.0413610769220141e-08,-1.0413610769220141e-08,0.0,1.0, 1.5532690223597333e-13
87,505.2753837885621,0.0,6940.0,1.578027843187697e-09,-4.406691378238127e-09,-4.406691378238127e-09,0.0,1.0, 1.3297827678983455e-12
88,505.25857187145004,0.0,6940.0,6.6448001638805896e-09,8.66762742914597e-09,8.66762742914597e-09,0.0,1.0, 5.495892089962891e-12
89,505.24775052687147,0.0,6940.0,1.64799416769738e-08,2.6606872579407723e-08,2.6606872579407723e-08,0.0,1.0, 1.7077080770079164e-11
90,505.24775052687147,0.0,6940.0,0.0,0.0,0.0,0.0,1.0, 7.013379161164426e-19
91,505.0032384573157,0.0,6940.0,0.0,0.0,0.0,0.09519283553788271,0.9048071644621173, 8.956167025620444e-59
92,505.0032384573157,0.0,6940.0,-2.2553642646290054e-26,3.0052529845754347e-28,3.0052529845754347e-28,0.09519283553788271,0.9048071644621173, 4.2196484546134036e-20
93,505.00324026756624,0.0,6940.0,-1.3182434002679927e-26,-1.274295665731928e-26,-1.274295665731928e-26,0.09496655421747924,0.9050334457825208, 6.456130509596914e-22
94,505.0032423485807,0.0,6940.0,-7.318935747675724e-27,-2.442412559075187e-26,-2.442412559075187e-26,0.09470642741038471,0.9052935725896153, 9.8859748652773e-22
95,505.00324282661853,0.0,6940.0,-4.671284243161624e-27,-2.821172303202283e-26,-2.821172303202283e-26,0.09464667268349591,0.9053533273165041, 5.48396658412439e-23
96,505.00324137875543,0.0,6940.0,6.414779948103564e-28,-1.9966300930085932e-26,-1.9966300930085932e-26,0.09482765557400341,0.9051723444259966, 6.168844429732677e-22
97,505.00323956797337,0.0,6940.0,1.2685803492683073e-26,-2.4087696809470617e-27,-2.4087696809470617e-27,0.09505400332654446,0.9049459966734555, 1.0938010768036151e-20
98,505.0032387387805,0.0,6940.0,2.858808179111711e-26,1.3350137005429594e-26,1.3350137005429594e-26,0.09515765243423002,0.90484234756577, 6.727997785161401e-20
99,505.0032387387805,0.0,6940.0,0.0,0.0,0.0,0.09515765243428553,0.9048423475657145, 1.767386587317188e-55
100,502.0,0.0,6940.0,0.0,0.0,0.0,1.0,0.0, 0.0
101,502.0,0.0,6940.0,0.0,0.0,0.0,1.0,0.0, 5.100923058155947e-55
102,502.0,0.0,6940.0,0.0,0.0,0.0,1.0,0.0, 1.742635649842787e-55
103,502.0,0.0,6940.0,0.0,0.0,0.0,1.0,0.0, 5.3716938386563355e-56
104,502.0,0.0,6940.0,0.0,0.0,0.0,1.0,0.0, 2.188204827736448e-56
105,502.0,0.0,6940.0,0.0,0.0,0.0,1.0,0.0, 4.126472059476154e-58
106,502.0,0.0,6940.0,0.0,0.0,0.0,1.0,0.0, 1.613806061551202e-55
107,502.0,0.0,6940.0,0.0,0.0,0.0,1.0,0.0, 8.195687958736366e-55
108,502.0,0.0,6940.0,0.0,0.0,0.0,1.0,0.0, 0.0
1,506.0,0.0,6940.0,0.0,0.0,0.0,0.0,1.0, 0.0
2,506.0,0.0,6940.0,0.0,0.0,0.0,0.0,1.0, 6.907425874188935e-11
3,506.0,0.0,6940.0,0.0,0.0,0.0,0.0,1.0, 2.0760079089880215e-12
4,506.0,0.0,6940.0,0.0,0.0,0.0,0.0,1.0, 6.12279559821175e-14
5,506.0,0.0,6940.0,0.0,0.0,0.0,0.0,1.0, 3.194475778690612e-13
6,506.0,0.0,6940.0,0.0,0.0,0.0,0.0,1.0, 1.472671765175851e-12
7,506.0,0.0,6940.0,0.0,0.0,0.0,0.0,1.0, 8.005035499620298e-12
8,506.0,0.0,6940.0,0.0,0.0,0.0,0.0,1.0, 4.419361579069334e-11
9,506.0,0.0,6940.0,0.0,0.0,0.0,0.0,1.0, 0.0
10,505.9830624606149,0.0,6940.0,0.0,0.0,0.0,0.0,1.0, 6.234870788711909e-10
11,505.9830624606149,0.0,6940.0,0.0002645435789903853,0.000794466318470648,0.000794466318470648,0.0,1.0, 1.1560776889879462e-10
12,505.9832120709645,0.0,6940.0,4.5862065485665646e-05,0.0006590433904211175,0.0006590433904211175,0.0,1.0, 5.4019080241756265e-12
13,505.98200436365045,0.0,6940.0,7.876150186751892e-06,0.00066832797784484,0.00066832797784484,0.0,1.0, 4.071938983058174e-14
14,505.9799373032531,0.0,6940.0,-1.799032081498976e-05,0.0006679174553668008,0.0006679174553668008,0.0,1.0, 2.3253508696661217e-13
15,505.97832094009556,0.0,6940.0,-3.862709862406035e-05,0.0006888186945783459,0.0006888186945783459,0.0,1.0, 1.2636435781149573e-12
16,505.97784124872487,0.0,6940.0,-9.005767679977391e-05,0.0007218320409548747,0.0007218320409548747,0.0,1.0, 5.229963585222071e-12
17,505.9774507034733,0.0,6940.0,-0.00021160156534253067,0.0008035166083084507,0.0008035166083084507,0.0,1.0, 1.3230406049349077e-10
18,505.9774507034733,0.0,6940.0,0.0,0.0,0.0,0.0,1.0, 6.377872408897415e-10
19,505.95918953031673,0.0,6940.0,0.0,0.0,0.0,0.0,1.0, 7.910721255219259e-10
20,505.95918953031673,0.0,6940.0,0.0001839063196153334,0.0008948480808441524,0.0008948480808441524,0.0,1.0, 1.7568337887341027e-10
21,505.95896790504094,0.0,6940.0,7.72510851540861e-05,0.0008069466445204096,0.0008069466445204096,0.0,1.0, 4.871173276763689e-13
22,505.9581139423194,0.0,6940.0,9.284463643888127e-06,0.0008729761117231096,0.0008729761117231096,0.0,1.0, 7.838335760308872e-13
23,505.9572053886283,0.0,6940.0,-2.2849994866221893e-05,0.0008599583853286828,0.0008599583853286828,0.0,1.0, 7.830767266212665e-14
24,505.9559350958273,0.0,6940.0,-4.702864103831639e-05,0.0008557368541538649,0.0008557368541538649,0.0,1.0, 4.671924174978518e-13
25,505.95431553840876,0.0,6940.0,-8.959817749863312e-05,0.000826664913233843,0.000826664913233843,0.0,1.0, 3.420409177227128e-12
26,505.95246214254394,0.0,6940.0,-0.00012124711564993386,0.0007721784016280602,0.0007721784016280602,0.0,1.0, 1.8001909801243922e-10
27,505.95246214254394,0.0,6940.0,0.0,0.0,0.0,0.0,1.0, 5.890664776467822e-10
28,505.92335258704753,0.0,6940.0,0.0,0.0,0.0,0.0,1.0, 7.190359771190315e-10
29,505.92335258704753,0.0,6940.0,1.9154798922454007e-05,0.000853072257292081,0.000853072257292081,0.0,1.0, 1.7208565814477722e-10
30,505.9228751143728,0.0,6940.0,7.196189125328572e-06,0.0007798429427196341,0.0007798429427196341,0.0,1.0, 6.925453287189391e-12
31,505.92376278692655,0.0,6940.0,-1.119524888222112e-05,0.0008796084579627743,0.0008796084579627743,0.0,1.0, 2.9147709832918437e-12
32,505.92589280932003,0.0,6940.0,-1.3531133453682712e-05,0.0008737550823362235,0.0008737550823362235,0.0,1.0, 2.6385845113751613e-13
33,505.92665578494,0.0,6940.0,-1.0631616143874354e-05,0.0008562877504177225,0.0008562877504177225,0.0,1.0, 3.2308647913997048e-12
34,505.92476258889525,0.0,6940.0,-7.160523062289533e-06,0.0008017236618275851,0.0008017236618275851,0.0,1.0, 1.0495940551336428e-11
35,505.9213984410998,0.0,6940.0,1.7722514209105705e-06,0.0007436003301300015,0.0007436003301300015,0.0,1.0, 1.717920155865536e-10
36,505.9213984410998,0.0,6940.0,0.0,0.0,0.0,0.0,1.0, 5.463380983617572e-10
37,505.86950036902317,0.0,6940.0,0.0,0.0,0.0,0.0,1.0, 6.64527152228358e-10
38,505.86950036902317,0.0,6940.0,-0.00011371607169646367,0.0008200128218567287,0.0008200128218567287,0.0,1.0, 1.538607467355196e-10
39,505.86895999438735,0.0,6940.0,-8.813672415789169e-05,0.0007479939508333039,0.0007479939508333039,0.0,1.0, 8.68597257765067e-12
40,505.87280027573763,0.0,6940.0,-4.533108519577155e-05,0.0008489814929675815,0.0008489814929675815,0.0,1.0, 3.5327381244133043e-12
41,505.8797319040614,0.0,6940.0,5.736738649971467e-08,0.0008479047391291697,0.0008479047391291697,0.0,1.0, 3.4905797013904397e-13
42,505.88430263245476,0.0,6940.0,4.1838251880374036e-05,0.0008267828287883039,0.0008267828287883039,0.0,1.0, 4.2475723043062295e-12
43,505.88322076608324,0.0,6940.0,8.307393544882017e-05,0.0007705122104628203,0.0007705122104628203,0.0,1.0, 1.0209146224637429e-11
44,505.87928108366134,0.0,6940.0,0.00010843151414702253,0.0007208375245321969,0.0007208375245321969,0.0,1.0, 1.5639265942019457e-10
45,505.87928108366134,0.0,6940.0,0.0,0.0,0.0,0.0,1.0, 5.134869657122131e-10
46,505.7920420868939,0.0,6940.0,0.0,0.0,0.0,0.0,1.0, 6.309679078393719e-10
47,505.7920420868939,0.0,6940.0,-0.00023245261682514087,0.0007989165342258474,0.0007989165342258474,0.0,1.0, 1.4446628401853533e-10
48,505.79245091735993,0.0,6940.0,-0.00017812270192623256,0.0007292283774204904,0.0007292283774204904,0.0,1.0, 5.7524883194582006e-12
49,505.79736744801767,0.0,6940.0,-7.692250307228555e-05,0.0008164491751860755,0.0008164491751860755,0.0,1.0, 2.2145081350785436e-12
50,505.8095429573164,0.0,6940.0,1.681329278025031e-05,0.0008119742957804505,0.0008119742957804505,0.0,1.0, 4.884376454521542e-13
51,505.8210457045601,0.0,6940.0,9.525474551569558e-05,0.0007905680038152502,0.0007905680038152502,0.0,1.0, 3.683048280980232e-12
52,505.823797408452,0.0,6940.0,0.00016639664378043532,0.000739284325115108,0.000739284325115108,0.0,1.0, 7.77437749689353e-12
53,505.82132602827113,0.0,6940.0,0.00020018260266047746,0.0006982903131569622,0.0006982903131569622,0.0,1.0, 1.421327523356117e-10
54,505.82132602827113,0.0,6940.0,0.0,0.0,0.0,0.0,1.0, 4.819768729218105e-10
55,505.68962740671424,0.0,6940.0,0.0,0.0,0.0,0.0,1.0, 5.890404768524135e-10
56,505.68962740671424,0.0,6940.0,-0.0003435335315565823,0.0007717602335797829,0.0007717602335797829,0.0,1.0, 1.266133313104865e-10
57,505.69398459774226,0.0,6940.0,-0.00023974816557927978,0.00069431479476733,0.00069431479476733,0.0,1.0, 7.142769037583792e-13
58,505.686697400417,0.0,6940.0,-9.132455217966685e-05,0.0007473171143957979,0.0007473171143957979,0.0,1.0, 4.836601590629645e-13
59,505.7004687218527,0.0,6940.0,3.6218610142178234e-05,0.0007384783204613778,0.0007384783204613778,0.0,1.0, 3.469133249019819e-13
60,505.7277625415266,0.0,6940.0,0.00013995921943487673,0.0007272608158717373,0.0007272608158717373,0.0,1.0, 1.2694880984022261e-12
61,505.742002536271,0.0,6940.0,0.00023461029489294335,0.0006940527131960555,0.0006940527131960555,0.0,1.0, 3.1735012847206894e-12
62,505.742208290425,0.0,6940.0,0.0002777098409415196,0.0006682690641131311,0.0006682690641131311,0.0,1.0, 1.2316914891288932e-10
63,505.742208290425,0.0,6940.0,0.0,0.0,0.0,0.0,1.0, 4.415630750949573e-10
64,505.57204268687707,0.0,6940.0,0.0,0.0,0.0,0.0,1.0, 4.823317350751097e-10
65,505.57204268687707,0.0,6940.0,-0.0004058151521227483,0.0006982030645434848,0.0006982030645434848,0.0,1.0, 8.397488875584577e-11
66,505.5822201607214,0.0,6940.0,-0.00022601105049637108,0.000580349762312873,0.000580349762312873,0.0,1.0, 9.550684032291402e-12
67,505.5296514273653,0.0,6940.0,-7.451524767480201e-05,0.0005706050979490202,0.0005706050979490202,0.0,1.0, 8.803736065790424e-13
68,505.5338463345982,0.0,6940.0,4.8462851811972484e-05,0.000569704341739897,0.000569704341739897,0.0,1.0, 1.580050097621854e-13
69,505.60051152144234,0.0,6940.0,0.00015150535446778403,0.0005953646276295621,0.0005953646276295621,0.0,1.0, 1.0129744905574201e-12
70,505.6327618919974,0.0,6940.0,0.00026317120082571096,0.0006119357222341775,0.0006119357222341775,0.0,1.0, 8.331144367038652e-13
71,505.6307654002278,0.0,6940.0,0.00032895165958345856,0.0006203215124037202,0.0006203215124037202,0.0,1.0, 9.273787931262029e-11
72,505.6307654002278,0.0,6940.0,0.0,0.0,0.0,0.0,1.0, 3.806406263615222e-10
73,505.4257268697255,0.0,6940.0,0.0,0.0,0.0,0.0,1.0, 2.301310250726368e-10
74,505.4257268697255,0.0,6940.0,-0.00029170448765264233,0.00048213727857004485,0.00048213727857004485,0.0,1.0, 6.466252868559974e-11
75,505.4674718742117,0.0,6940.0,-9.025515784392865e-05,0.000310977585092181,0.000310977585092181,0.0,1.0, 2.740521044165497e-11
76,505.3289651611134,0.0,6940.0,-3.2606590961836344e-05,0.00023779239980291654,0.00023779239980291654,0.0,1.0, 2.155613746505836e-12
77,505.310531338915,0.0,6940.0,3.115261628306096e-05,0.000254781203590564,0.000254781203590564,0.0,1.0, 3.170283283660142e-12
78,505.44699557555475,0.0,6940.0,9.18560403161748e-05,0.00034004936577383617,0.00034004936577383617,0.0,1.0, 1.2922319075851507e-11
79,505.47989477909306,0.0,6940.0,0.00018218795250555657,0.00042589364530333756,0.00042589364530333756,0.0,1.0, 2.871002453564693e-11
80,505.4592165179108,0.0,6940.0,0.00030092407565237173,0.0005564291383181852,0.0005564291383181852,0.0,1.0, 7.164329812569945e-11
81,505.4592165179108,0.0,6940.0,0.0,0.0,0.0,0.0,1.0, 3.064756151826069e-10
82,505.2238104709601,0.0,6940.0,0.0,0.0,0.0,0.0,1.0, 2.096285194587718e-20
83,505.2238104709601,0.0,6940.0,-7.3412737130791745e-09,4.599755797179995e-09,4.599755797179995e-09,0.0,1.0, 2.1061118257673028e-11
84,505.2291486148331,0.0,6940.0,-7.674841023864292e-10,-7.392392853309309e-10,-7.392392853309309e-10,0.0,1.0, 2.016183686253986e-12
85,505.17585287319747,0.0,6940.0,-9.99866739420436e-10,-7.529229611237832e-09,-7.529229611237832e-09,0.0,1.0, 2.63201568162327e-13
86,505.1721899330418,0.0,6940.0,-5.677817237373688e-10,-8.152159641322623e-09,-8.152159641322623e-09,0.0,1.0, 2.402553201478355e-13
87,505.22713084819395,0.0,6940.0,5.882130268639187e-10,-4.31548953536746e-09,-4.31548953536746e-09,0.0,1.0, 2.0883579763511784e-12
88,505.2436110844607,0.0,6940.0,3.854261274158435e-09,4.146548230188272e-09,4.146548230188272e-09,0.0,1.0, 8.214865930499743e-12
89,505.2368137239014,0.0,6940.0,9.572243685302532e-09,1.4990783956954013e-08,1.4990783956954013e-08,0.0,1.0, 2.241231517215575e-11
90,505.2368137239014,0.0,6940.0,0.0,0.0,0.0,0.0,1.0, 2.226420292237147e-19
91,505.00303018985227,0.0,6940.0,0.0,0.0,0.0,0.12122626846333684,0.8787737315366632, 8.750121596897292e-58
92,505.00303018985227,0.0,6940.0,-2.2199912172549172e-26,9.393486380807395e-28,9.393486380807395e-28,0.12122626846333684,0.8787737315366632, 1.33511197457336e-20
93,505.003031500187,0.0,6940.0,-1.2401354636632053e-26,-1.1893714061986687e-26,-1.1893714061986687e-26,0.12106247662913006,0.8789375233708699, 1.459196005410081e-22
94,505.0030322056127,0.0,6940.0,-6.518806781140565e-27,-2.4355334700496303e-26,-2.4355334700496303e-26,0.12097429840723917,0.8790257015927608, 2.476618415517882e-22
95,505.0030325796632,0.0,6940.0,-4.932289893067873e-27,-2.970128353389138e-26,-2.970128353389138e-26,0.12092754209797041,0.8790724579020296, 7.986153833728789e-23
96,505.00303273552487,0.0,6940.0,-4.0351733820022113e-28,-2.2385501538123114e-26,-2.2385501538123114e-26,0.12090805938874671,0.8790919406112533, 8.571249361918104e-23
97,505.00303197312735,0.0,6940.0,1.2005949420609399e-26,-4.389420194125351e-27,-4.389420194125351e-27,0.12100335908432613,0.8789966409156739, 3.680079134091944e-21
98,505.00303117181625,0.0,6940.0,2.846661522053087e-26,1.2482707016933639e-26,1.2482707016933639e-26,0.12110352296867954,0.8788964770313205, 2.2698771255714702e-20
99,505.00303117181625,0.0,6940.0,0.0,0.0,0.0,0.12110352296867954,0.8788964770313205, 1.5451762385328189e-55
100,502.0,0.0,6940.0,0.0,0.0,0.0,1.0,0.0, 0.0
101,502.0,0.0,6940.0,0.0,0.0,0.0,1.0,0.0, 4.94217245060034e-55
102,502.0,0.0,6940.0,0.0,0.0,0.0,1.0,0.0, 1.542245944598537e-55
103,502.0,0.0,6940.0,0.0,0.0,0.0,1.0,0.0, 4.261393117977824e-56
104,502.0,0.0,6940.0,0.0,0.0,0.0,1.0,0.0, 2.43956599512251e-56
105,502.0,0.0,6940.0,0.0,0.0,0.0,1.0,0.0, 1.6328255332945775e-58
106,502.0,0.0,6940.0,0.0,0.0,0.0,1.0,0.0, 1.4454677338836337e-55
107,502.0,0.0,6940.0,0.0,0.0,0.0,1.0,0.0, 8.126191359006261e-55
108,502.0,0.0,6940.0,0.0,0.0,0.0,1.0,0.0, 0.0
