1,18
18,35
35,52
52,69
69,86
86,103
103,120
120,137
137,154
154,171
171,188
188,205
205,222
222,239
239,256
256,273
289,272
272,255
255,238
238,221
221,204
204,187
187,170
170,153
153,136
136,119
119,102
102,85
85,68
68,51
51,34
34,17
273,290
290,307
307,324
324,341
341,358
358,375
375,392
392,409
409,426
426,443
443,460
460,477
477,494
494,511
511,528
528,545
561,544
544,527
527,510
510,493
493,476
476,459
459,442
442,425
425,408
408,391
391,374
374,357
357,340
340,323
323,306
306,289
545,562
562,579
579,596
596,613
613,630
630,647
647,664
664,681
681,698
698,715
715,732
732,749
749,766
766,783
783,800
800,817
833,816
816,799
799,782
782,765
765,748
748,731
731,714
714,697
697,680
680,663
663,646
646,629
629,612
612,595
595,578
578,561
817,834
834,851
851,868
868,885
885,902
902,919
919,936
936,953
953,970
970,987
987,1004
1004,1021
1021,1038
1038,1055
1055,1072
1072,1089
1105,1088
1088,1071
1071,1054
1054,1037
1037,1020
1020,1003
1003,986
986,969
969,952
952,935
935,918
918,901
901,884
884,867
867,850
850,833
1089,1106
1106,1123
1123,1140
1140,1157
1157,1174
1174,1191
1191,1208
1208,1225
1225,1242
1242,1259
1259,1276
1276,1293
1293,1310
1310,1327
1327,1344
1344,1361
1377,1360
1360,1343
1343,1326
1326,1309
1309,1292
1292,1275
1275,1258
1258,1241
1241,1224
1224,1207
1207,1190
1190,1173
1173,1156
1156,1139
1139,1122
1122,1105
1361,1378
1378,1395
1395,1412
1412,1429
1429,1446
1446,1463
1463,1480
1480,1497
1497,1514
1514,1531
1531,1548
1548,1565
1565,1582
1582,1599
1599,1616
1616,1633
1649,1632
1632,1615
1615,1598
1598,1581
1581,1564
1564,1547
1547,1530
1530,1513
1513,1496
1496,1479
1479,1462
1462,1445
1445,1428
1428,1411
1411,1394
1394,1377
1633,1650
1650,1667
1667,1684
1684,1701
1701,1718
1718,1735
1735,1752
1752,1769
1769,1786
1786,1803
1803,1820
1820,1837
1837,1854
1854,1871
1871,1888
1888,1905
1921,1904
1904,1887
1887,1870
1870,1853
1853,1836
1836,1819
1819,1802
1802,1785
1785,1768
1768,1751
1751,1734
1734,1717
1717,1700
1700,1683
1683,1666
1666,1649
1905,1922
1922,1939
1939,1956
1956,1973
1973,1990
1990,2007
2007,2024
2024,2041
2041,2058
2058,2075
2075,2092
2092,2109
2109,2126
2126,2143
2143,2160
2160,2177
2193,2176
2176,2159
2159,2142
2142,2125
2125,2108
2108,2091
2091,2074
2074,2057
2057,2040
2040,2023
2023,2006
2006,1989
1989,1972
1972,1955
1955,1938
1938,1921
1
17
33
49
65
81
97
113
129
145
161
177
193
209
225
241
256
240
224
208
192
176
160
144
128
112
96
80
64
48
32
16
257
273
289
305
321
337
353
369
385
401
417
433
449
465
481
497
512
496
480
464
448
432
416
400
384
368
352
336
320
304
288
272
513
529
545
561
577
593
609
625
641
657
673
689
705
721
737
753
768
752
736
720
704
688
672
656
640
624
608
592
576
560
544
528
769
785
801
817
833
849
865
881
897
913
929
945
961
977
993
1009
1024
1008
992
976
960
944
928
912
896
880
864
848
832
816
800
784
1025
1041
1057
1073
1089
1105
1121
1137
1153
1169
1185
1201
1217
1233
1249
1265
1280
1264
1248
1232
1216
1200
1184
1168
1152
1136
1120
1104
1088
1072
1056
1040
1281
1297
1313
1329
1345
1361
1377
1393
1409
1425
1441
1457
1473
1489
1505
1521
1536
1520
1504
1488
1472
1456
1440
1424
1408
1392
1376
1360
1344
1328
1312
1296
1537
1553
1569
1585
1601
1617
1633
1649
1665
1681
1697
1713
1729
1745
1761
1777
1792
1776
1760
1744
1728
1712
1696
1680
1664
1648
1632
1616
1600
1584
1568
1552
1793
1809
1825
1841
1857
1873
1889
1905
1921
1937
1953
1969
1985
2001
2017
2033
2048
2032
2016
2000
1984
1968
1952
1936
1920
1904
1888
1872
1856
1840
1824
1808
1.002,0,0,"L1",1
1.002,0,0,"L1",1
1.002,0,0,"L1",1
1.002,0,0,"L1",1
1.002,0,0,"L1",1
1.002,0,0,"L1",1
1.002,0,0,"L1",1
1.002,0,0,"L1",1
1.002,0,0,"L1",1
1.002,0,0,"L1",1
1.002,0,0,"L1",1
1.002,0,0,"L1",1
1.002,0,0,"L1",1
1.002,0,0,"L1",1
1.002,0,0,"L1",1
1.002,0,0,"L1",1
1.002,0,0,"L1",1
1.002,0,0,"L1",1
1.002,0,0,"L1",1
1.002,0,0,"L1",1
1.002,0,0,"L1",1
1.002,0,0,"L1",1
1.002,0,0,"L1",1
1.002,0,0,"L1",1
1.002,0,0,"L1",1
1.002,0,0,"L1",1
1.002,0,0,"L1",1
1.002,0,0,"L1",1
1.002,0,0,"L1",1
1.002,0,0,"L1",1
1.002,0,0,"L1",1
1.002,0,0,"L1",1
1.004,0,0,"L1",1
1.004,0,0,"L1",1
1.004,0,0,"L1",1
1.004,0,0,"L1",1
1.004,0,0,"L1",1
1.004,0,0,"L1",1
1.004,0,0,"L1",1
1.004,0,0,"L1",1
1.004,0,0,"L1",1
1.004,0,0,"L1",1
1.004,0,0,"L1",1
1.004,0,0,"L1",1
1.004,0,0,"L1",1
1.004,0,0,"L1",1
1.004,0,0,"L1",1
1.004,0,0,"L1",1
1.004,0,0,"L1",1
1.004,0,0,"L1",1
1.004,0,0,"L1",1
1.004,0,0,"L1",1
1.004,0,0,"L1",1
1.004,0,0,"L1",1
1.004,0,0,"L1",1
1.004,0,0,"L1",1
1.004,0,0,"L1",1
1.004,0,0,"L1",1
1.004,0,0,"L1",1
1.004,0,0,"L1",1
1.004,0,0,"L1",1
1.004,0,0,"L1",1
1.004,0,0,"L1",1
1.004,0,0,"L1",1
1.002,0,0,"L1",1
1.002,0,0,"L1",1
1.002,0,0,"L1",1
1.002,0,0,"L1",1
1.002,0,0,"L1",1
1.002,0,0,"L1",1
1.002,0,0,"L1",1
1.002,0,0,"L1",1
1.002,0,0,"L1",1
1.002,0,0,"L1",1
1.002,0,0,"L1",1
1.002,0,0,"L1",1
1.002,0,0,"L1",1
1.002,0,0,"L1",1
1.002,0,0,"L1",1
1.002,0,0,"L1",1
1.002,0,0,"L1",1
1.002,0,0,"L1",1
1.002,0,0,"L1",1
1.002,0,0,"L1",1
1.002,0,0,"L1",1
1.002,0,0,"L1",1
1.002,0,0,"L1",1
1.002,0,0,"L1",1
1.002,0,0,"L1",1
1.002,0,0,"L1",1
1.002,0,0,"L1",1
1.002,0,0,"L1",1
1.002,0,0,"L1",1
1.002,0,0,"L1",1
1.002,0,0,"L1",1
1.002,0,0,"L1",1
1.004,0,0,"L1",1
1.004,0,0,"L1",1
1.004,0,0,"L1",1
1.004,0,0,"L1",1
1.004,0,0,"L1",1
1.004,0,0,"L1",1
1.004,0,0,"L1",1
1.004,0,0,"L1",1
1.004,0,0,"L1",1
1.004,0,0,"L1",1
1.004,0,0,"L1",1
1.004,0,0,"L1",1
1.004,0,0,"L1",1
1.004,0,0,"L1",1
1.004,0,0,"L1",1
1.004,0,0,"L1",1
1.004,0,0,"L1",1
1.004,0,0,"L1",1
1.004,0,0,"L1",1
1.004,0,0,"L1",1
1.004,0,0,"L1",1
1.004,0,0,"L1",1
1.004,0,0,"L1",1
1.004,0,0,"L1",1
1.004,0,0,"L1",1
1.004,0,0,"L1",1
1.004,0,0,"L1",1
1.004,0,0,"L1",1
1.004,0,0,"L1",1
1.004,0,0,"L1",1
1.004,0,0,"L1",1
1.004,0,0,"L1",1
1.002,0,0,"L1",1
1.002,0,0,"L1",1
1.002,0,0,"L1",1
1.002,0,0,"L1",1
1.002,0,0,"L1",1
1.002,0,0,"L1",1
1.002,0,0,"L1",1
1.002,0,0,"L1",1
1.002,0,0,"L1",1
1.002,0,0,"L1",1
1.002,0,0,"L1",1
1.002,0,0,"L1",1
1.002,0,0,"L1",1
1.002,0,0,"L1",1
1.002,0,0,"L1",1
1.002,0,0,"L1",1
1.002,0,0,"L1",1
1.002,0,0,"L1",1
1.002,0,0,"L1",1
1.002,0,0,"L1",1
1.002,0,0,"L1",1
1.002,0,0,"L1",1
1.002,0,0,"L1",1
1.002,0,0,"L1",1
1.002,0,0,"L1",1
1.002,0,0,"L1",1
1.002,0,0,"L1",1
1.002,0,0,"L1",1
1.002,0,0,"L1",1
1.002,0,0,"L1",1
1.002,0,0,"L1",1
1.002,0,0,"L1",1
1.004,0,0,"L1",1
1.004,0,0,"L1",1
1.004,0,0,"L1",1
1.004,0,0,"L1",1
1.004,0,0,"L1",1
1.004,0,0,"L1",1
1.004,0,0,"L1",1
1.004,0,0,"L1",1
1.004,0,0,"L1",1
1.004,0,0,"L1",1
1.004,0,0,"L1",1
1.004,0,0,"L1",1
1.004,0,0,"L1",1
1.004,0,0,"L1",1
1.004,0,0,"L1",1
1.004,0,0,"L1",1
1.004,0,0,"L1",1
1.004,0,0,"L1",1
1.004,0,0,"L1",1
1.004,0,0,"L1",1
1.004,0,0,"L1",1
1.004,0,0,"L1",1
1.004,0,0,"L1",1
1.004,0,0,"L1",1
1.004,0,0,"L1",1
1.004,0,0,"L1",1
1.004,0,0,"L1",1
1.004,0,0,"L1",1
1.004,0,0,"L1",1
1.004,0,0,"L1",1
1.004,0,0,"L1",1
1.004,0,0,"L1",1
1.002,0,0,"L1",1
1.002,0,0,"L1",1
1.002,0,0,"L1",1
1.002,0,0,"L1",1
1.002,0,0,"L1",1
1.002,0,0,"L1",1
1.002,0,0,"L1",1
1.002,0,0,"L1",1
1.002,0,0,"L1",1
1.002,0,0,"L1",1
1.002,0,0,"L1",1
1.002,0,0,"L1",1
1.002,0,0,"L1",1
1.002,0,0,"L1",1
1.002,0,0,"L1",1
1.002,0,0,"L1",1
1.002,0,0,"L1",1
1.002,0,0,"L1",1
1.002,0,0,"L1",1
1.002,0,0,"L1",1
1.002,0,0,"L1",1
1.002,0,0,"L1",1
1.002,0,0,"L1",1
1.002,0,0,"L1",1
1.002,0,0,"L1",1
1.002,0,0,"L1",1
1.002,0,0,"L1",1
1.002,0,0,"L1",1
1.002,0,0,"L1",1
1.002,0,0,"L1",1
1.002,0,0,"L1",1
1.002,0,0,"L1",1
1.004,0,0,"L1",1
1.004,0,0,"L1",1
1.004,0,0,"L1",1
1.004,0,0,"L1",1
1.004,0,0,"L1",1
1.004,0,0,"L1",1
1.004,0,0,"L1",1
1.004,0,0,"L1",1
1.004,0,0,"L1",1
1.004,0,0,"L1",1
1.004,0,0,"L1",1
1.004,0,0,"L1",1
1.004,0,0,"L1",1
1.004,0,0,"L1",1
1.004,0,0,"L1",1
1.004,0,0,"L1",1
1.004,0,0,"L1",1
1.004,0,0,"L1",1
1.004,0,0,"L1",1
1.004,0,0,"L1",1
1.004,0,0,"L1",1
1.004,0,0,"L1",1
1.004,0,0,"L1",1
1.004,0,0,"L1",1
1.004,0,0,"L1",1
1.004,0,0,"L1",1
1.004,0,0,"L1",1
1.004,0,0,"L1",1
1.004,0,0,"L1",1
1.004,0,0,"L1",1
1.004,0,0,"L1",1
1.004,0,0,"L1",1
1.002,0,0,"L1",1
1.002,0,0,"L1",1
1.002,0,0,"L1",1
1.002,0,0,"L1",1
1.002,0,0,"L1",1
1.002,0,0,"L1",1
1.002,0,0,"L1",1
1.002,0,0,"L1",1
1.002,0,0,"L1",1
1.002,0,0,"L1",1
1.002,0,0,"L1",1
1.002,0,0,"L1",1
1.002,0,0,"L1",1
1.002,0,0,"L1",1
1.002,0,0,"L1",1
1.002,0,0,"L1",1
1.002,0,0,"L1",1
1.002,0,0,"L1",1
1.002,0,0,"L1",1
1.002,0,0,"L1",1
1.002,0,0,"L1",1
1.002,0,0,"L1",1
1.002,0,0,"L1",1
1.002,0,0,"L1",1
1.002,0,0,"L1",1
1.002,0,0,"L1",1
1.002,0,0,"L1",1
1.002,0,0,"L1",1
1.002,0,0,"L1",1
1.002,0,0,"L1",1
1.002,0,0,"L1",1
1.002,0,0,"L1",1
1.004,0,0,"L1",1
1.004,0,0,"L1",1
1.004,0,0,"L1",1
1.004,0,0,"L1",1
1.004,0,0,"L1",1
1.004,0,0,"L1",1
1.004,0,0,"L1",1
1.004,0,0,"L1",1
1.004,0,0,"L1",1
1.004,0,0,"L1",1
1.004,0,0,"L1",1
1.004,0,0,"L1",1
1.004,0,0,"L1",1
1.004,0,0,"L1",1
1.004,0,0,"L1",1
1.004,0,0,"L1",1
1.004,0,0,"L1",1
1.004,0,0,"L1",1
1.004,0,0,"L1",1
1.004,0,0,"L1",1
1.004,0,0,"L1",1
1.004,0,0,"L1",1
1.004,0,0,"L1",1
1.004,0,0,"L1",1
1.004,0,0,"L1",1
1.004,0,0,"L1",1
1.004,0,0,"L1",1
1.004,0,0,"L1",1
1.004,0,0,"L1",1
1.004,0,0,"L1",1
1.004,0,0,"L1",1
1.004,0,0,"L1",1
1.002,0,0,"L1",1
1.002,0,0,"L1",1
1.002,0,0,"L1",1
1.002,0,0,"L1",1
1.002,0,0,"L1",1
1.002,0,0,"L1",1
1.002,0,0,"L1",1
1.002,0,0,"L1",1
1.002,0,0,"L1",1
1.002,0,0,"L1",1
1.002,0,0,"L1",1
1.002,0,0,"L1",1
1.002,0,0,"L1",1
1.002,0,0,"L1",1
1.002,0,0,"L1",1
1.002,0,0,"L1",1
1.002,0,0,"L1",1
1.002,0,0,"L1",1
1.002,0,0,"L1",1
1.002,0,0,"L1",1
1.002,0,0,"L1",1
1.002,0,0,"L1",1
1.002,0,0,"L1",1
1.002,0,0,"L1",1
1.002,0,0,"L1",1
1.002,0,0,"L1",1
1.002,0,0,"L1",1
1.002,0,0,"L1",1
1.002,0,0,"L1",1
1.002,0,0,"L1",1
1.002,0,0,"L1",1
1.002,0,0,"L1",1
1.004,0,0,"L1",1
1.004,0,0,"L1",1
1.004,0,0,"L1",1
1.004,0,0,"L1",1
1.004,0,0,"L1",1
1.004,0,0,"L1",1
1.004,0,0,"L1",1
1.004,0,0,"L1",1
1.004,0,0,"L1",1
1.004,0,0,"L1",1
1.004,0,0,"L1",1
1.004,0,0,"L1",1
1.004,0,0,"L1",1
1.004,0,0,"L1",1
1.004,0,0,"L1",1
1.004,0,0,"L1",1
1.004,0,0,"L1",1
1.004,0,0,"L1",1
1.004,0,0,"L1",1
1.004,0,0,"L1",1
1.004,0,0,"L1",1
1.004,0,0,"L1",1
1.004,0,0,"L1",1
1.004,0,0,"L1",1
1.004,0,0,"L1",1
1.004,0,0,"L1",1
1.004,0,0,"L1",1
1.004,0,0,"L1",1
1.004,0,0,"L1",1
1.004,0,0,"L1",1
1.004,0,0,"L1",1
1.004,0,0,"L1",1
1.002,0,0,"L1",1
1.002,0,0,"L1",1
1.002,0,0,"L1",1
1.002,0,0,"L1",1
1.002,0,0,"L1",1
1.002,0,0,"L1",1
1.002,0,0,"L1",1
1.002,0,0,"L1",1
1.002,0,0,"L1",1
1.002,0,0,"L1",1
1.002,0,0,"L1",1
1.002,0,0,"L1",1
1.002,0,0,"L1",1
1.002,0,0,"L1",1
1.002,0,0,"L1",1
1.002,0,0,"L1",1
1.002,0,0,"L1",1
1.002,0,0,"L1",1
1.002,0,0,"L1",1
1.002,0,0,"L1",1
1.002,0,0,"L1",1
1.002,0,0,"L1",1
1.002,0,0,"L1",1
1.002,0,0,"L1",1
1.002,0,0,"L1",1
1.002,0,0,"L1",1
1.002,0,0,"L1",1
1.002,0,0,"L1",1
1.002,0,0,"L1",1
1.002,0,0,"L1",1
1.002,0,0,"L1",1
1.002,0,0,"L1",1
1.004,0,0,"L1",1
1.004,0,0,"L1",1
1.004,0,0,"L1",1
1.004,0,0,"L1",1
1.004,0,0,"L1",1
1.004,0,0,"L1",1
1.004,0,0,"L1",1
1.004,0,0,"L1",1
1.004,0,0,"L1",1
1.004,0,0,"L1",1
1.004,0,0,"L1",1
1.004,0,0,"L1",1
1.004,0,0,"L1",1
1.004,0,0,"L1",1
1.004,0,0,"L1",1
1.004,0,0,"L1",1
1.004,0,0,"L1",1
1.004,0,0,"L1",1
1.004,0,0,"L1",1
1.004,0,0,"L1",1
1.004,0,0,"L1",1
1.004,0,0,"L1",1
1.004,0,0,"L1",1
1.004,0,0,"L1",1
1.004,0,0,"L1",1
1.004,0,0,"L1",1
1.004,0,0,"L1",1
1.004,0,0,"L1",1
1.004,0,0,"L1",1
1.004,0,0,"L1",1
1.004,0,0,"L1",1
1.004,0,0,"L1",1
1.002,0,0,"L1",1
1.002,0,0,"L1",1
1.002,0,0,"L1",1
1.002,0,0,"L1",1
1.002,0,0,"L1",1
1.002,0,0,"L1",1
1.002,0,0,"L1",1
1.002,0,0,"L1",1
1.002,0,0,"L1",1
1.002,0,0,"L1",1
1.002,0,0,"L1",1
1.002,0,0,"L1",1
1.002,0,0,"L1",1
1.002,0,0,"L1",1
1.002,0,0,"L1",1
1.002,0,0,"L1",1
1.002,0,0,"L1",1
1.002,0,0,"L1",1
1.002,0,0,"L1",1
1.002,0,0,"L1",1
1.002,0,0,"L1",1
1.002,0,0,"L1",1
1.002,0,0,"L1",1
1.002,0,0,"L1",1
1.002,0,0,"L1",1
1.002,0,0,"L1",1
1.002,0,0,"L1",1
1.002,0,0,"L1",1
1.002,0,0,"L1",1
1.002,0,0,"L1",1
1.002,0,0,"L1",1
1.002,0,0,"L1",1
1.004,0,0,"L1",1
1.004,0,0,"L1",1
1.004,0,0,"L1",1
1.004,0,0,"L1",1
1.004,0,0,"L1",1
1.004,0,0,"L1",1
1.004,0,0,"L1",1
1.004,0,0,"L1",1
1.004,0,0,"L1",1
1.004,0,0,"L1",1
1.004,0,0,"L1",1
1.004,0,0,"L1",1
1.004,0,0,"L1",1
1.004,0,0,"L1",1
1.004,0,0,"L1",1
1.004,0,0,"L1",1
1.004,0,0,"L1",1
1.004,0,0,"L1",1
1.004,0,0,"L1",1
1.004,0,0,"L1",1
1.004,0,0,"L1",1
1.004,0,0,"L1",1
1.004,0,0,"L1",1
1.004,0,0,"L1",1
1.004,0,0,"L1",1
1.004,0,0,"L1",1
1.004,0,0,"L1",1
1.004,0,0,"L1",1
1.004,0,0,"L1",1
1.004,0,0,"L1",1
1.004,0,0,"L1",1
1.004,0,0,"L1",1
0,1,290,"L1",1
0,1,290,"L1",1
0,1,290,"L1",1
0,1,290,"L1",1
0,1,290,"L1",1
0,1,290,"L1",1
0,1,290,"L1",1
0,1,290,"L1",1
0,1,290,"L1",1
0,1,290,"L1",1
0,1,290,"L1",1
0,1,290,"L1",1
0,1,290,"L1",1
0,1,290,"L1",1
0,1,290,"L1",1
0,1,290,"L1",1
0,1,290,"L1",1
0,1,290,"L1",1
0,1,290,"L1",1
0,1,290,"L1",1
0,1,290,"L1",1
0,1,290,"L1",1
0,1,290,"L1",1
0,1,290,"L1",1
0,1,290,"L1",1
0,1,290,"L1",1
0,1,290,"L1",1
0,1,290,"L1",1
0,1,290,"L1",1
0,1,290,"L1",1
0,1,290,"L1",1
0,1,290,"L1",1
0,1,290,"L1",1
0,1,290,"L1",1
0,1,290,"L1",1
0,1,290,"L1",1
0,1,290,"L1",1
0,1,290,"L1",1
0,1,290,"L1",1
0,1,290,"L1",1
0,1,290,"L1",1
0,1,290,"L1",1
0,1,290,"L1",1
0,1,290,"L1",1
0,1,290,"L1",1
0,1,290,"L1",1
0,1,290,"L1",1
0,1,290,"L1",1
0,1,290,"L1",1
0,1,290,"L1",1
0,1,290,"L1",1
0,1,290,"L1",1
0,1,290,"L1",1
0,1,290,"L1",1
0,1,290,"L1",1
0,1,290,"L1",1
0,1,290,"L1",1
0,1,290,"L1",1
0,1,290,"L1",1
0,1,290,"L1",1
0,1,290,"L1",1
0,1,290,"L1",1
0,1,290,"L1",1
0,1,290,"L1",1
0,1,290,"L1",1
0,1,290,"L1",1
0,1,290,"L1",1
0,1,290,"L1",1
0,1,290,"L1",1
0,1,290,"L1",1
0,1,290,"L1",1
0,1,290,"L1",1
0,1,290,"L1",1
0,1,290,"L1",1
0,1,290,"L1",1
0,1,290,"L1",1
0,1,290,"L1",1
0,1,290,"L1",1
0,1,290,"L1",1
0,1,290,"L1",1
0,1,290,"L1",1
0,1,290,"L1",1
0,1,290,"L1",1
0,1,290,"L1",1
0,1,290,"L1",1
0,1,290,"L1",1
0,1,290,"L1",1
0,1,290,"L1",1
0,1,290,"L1",1
0,1,290,"L1",1
0,1,290,"L1",1
0,1,290,"L1",1
0,1,290,"L1",1
0,1,290,"L1",1
0,1,290,"L1",1
0,1,290,"L1",1
0,1,290,"L1",1
0,1,290,"L1",1
0,1,290,"L1",1
0,1,290,"L1",1
0,1,290,"L1",1
0,1,290,"L1",1
0,1,290,"L1",1
0,1,290,"L1",1
0,1,290,"L1",1
0,1,290,"L1",1
0,1,290,"L1",1
0,1,290,"L1",1
0,1,290,"L1",1
0,1,290,"L1",1
0,1,290,"L1",1
0,1,290,"L1",1
0,1,290,"L1",1
0,1,290,"L1",1
0,1,290,"L1",1
0,1,290,"L1",1
0,1,290,"L1",1
0,1,290,"L1",1
0,1,290,"L1",1
0,1,290,"L1",1
0,1,290,"L1",1
0,1,290,"L1",1
0,1,290,"L1",1
0,1,290,"L1",1
0,1,290,"L1",1
0,1,290,"L1",1
0,1,290,"L1",1
0,1,290,"L1",1
0,1,290,"L1",1
0,1,290,"L1",1
0,1,290,"L1",1
0,1,290,"L1",1
0,1,290,"L1",1
0,1,290,"L1",1
0,1,290,"L1",1
0,1,290,"L1",1
0,1,290,"L1",1
0,1,290,"L1",1
0,1,290,"L1",1
0,1,290,"L1",1
0,1,290,"L1",1
0,1,290,"L1",1
0,1,290,"L1",1
0,1,290,"L1",1
0,1,290,"L1",1
0,1,290,"L1",1
0,1,290,"L1",1
0,1,290,"L1",1
0,1,290,"L1",1
0,1,290,"L1",1
0,1,290,"L1",1
0,1,290,"L1",1
0,1,290,"L1",1
0,1,290,"L1",1
0,1,290,"L1",1
0,1,290,"L1",1
0,1,290,"L1",1
0,1,290,"L1",1
0,1,290,"L1",1
0,1,290,"L1",1
0,1,290,"L1",1
0,1,290,"L1",1
0,1,290,"L1",1
0,1,290,"L1",1
0,1,290,"L1",1
0,1,290,"L1",1
0,1,290,"L1",1
0,1,290,"L1",1
0,1,290,"L1",1
0,1,290,"L1",1
0,1,290,"L1",1
0,1,290,"L1",1
0,1,290,"L1",1
0,1,290,"L1",1
0,1,290,"L1",1
0,1,290,"L1",1
0,1,290,"L1",1
0,1,290,"L1",1
0,1,290,"L1",1
0,1,290,"L1",1
0,1,290,"L1",1
0,1,290,"L1",1
0,1,290,"L1",1
0,1,290,"L1",1
0,1,290,"L1",1
0,1,290,"L1",1
0,1,290,"L1",1
0,1,290,"L1",1
0,1,290,"L1",1
0,1,290,"L1",1
0,1,290,"L1",1
0,1,290,"L1",1
0,1,290,"L1",1
0,1,290,"L1",1
0,1,290,"L1",1
0,1,290,"L1",1
0,1,290,"L1",1
0,1,290,"L1",1
0,1,290,"L1",1
0,1,290,"L1",1
0,1,290,"L1",1
0,1,290,"L1",1
0,1,290,"L1",1
0,1,290,"L1",1
0,1,290,"L1",1
0,1,290,"L1",1
0,1,290,"L1",1
0,1,290,"L1",1
0,1,290,"L1",1
0,1,290,"L1",1
0,1,290,"L1",1
0,1,290,"L1",1
0,1,290,"L1",1
0,1,290,"L1",1
0,1,290,"L1",1
0,1,290,"L1",1
0,1,290,"L1",1
0,1,290,"L1",1
0,1,290,"L1",1
0,1,290,"L1",1
0,1,290,"L1",1
0,1,290,"L1",1
0,1,290,"L1",1
0,1,290,"L1",1
0,1,290,"L1",1
0,1,290,"L1",1
0,1,290,"L1",1
0,1,290,"L1",1
0,1,290,"L1",1
0,1,290,"L1",1
0,1,290,"L1",1
0,1,290,"L1",1
0,1,290,"L1",1
0,1,290,"L1",1
0,1,290,"L1",1
0,1,290,"L1",1
0,1,290,"L1",1
0,1,290,"L1",1
0,1,290,"L1",1
0,1,290,"L1",1
0,1,290,"L1",1
0,1,290,"L1",1
0,1,290,"L1",1
0,1,290,"L1",1
0,1,290,"L1",1
0,1,290,"L1",1
0,1,290,"L1",1
0,1,290,"L1",1
0,1,290,"L1",1
0,1,290,"L1",1
0,1,290,"L1",1
0,1,290,"L1",1
0,1,290,"L1",1
0,1,290,"L1",1
0,1,290,"L1",1
0,1,290,"L1",1
0,1,290,"L1",1
0,1,290,"L1",1
0,1,290,"L1",1
0,1,290,"L1",1
0,1,290,"L1",1
0,1,290,"L1",1
0,1,290,"L1",1
0,1,290,"L1",1
0,1,290,"L1",1
0,1,290,"L1",1
0,1,290,"L1",1
0,1,290,"L1",1
0,1,290,"L1",1
0,1,290,"L1",1
0,1,290,"L1",1
0,1,290,"L1",1
0,1,290,"L1",1
0,1,290,"L1",1
0,1,290,"L1",1
0,1,290,"L1",1
0,1,290,"L1",1
0,1,290,"L1",1
0,1,290,"L1",1
0,1,290,"L1",1
0,1,290,"L1",1
0,1,290,"L1",1
0,1,290,"L1",1
0,1,290,"L1",1
0,1,290,"L1",1
0,1,290,"L1",1
0,1,290,"L1",1
0,1,290,"L1",1
0,1,290,"L1",1
0,1,290,"L1",1
0,1,290,"L1",1
0,1,290,"L1",1
0,1,290,"L1",1
0,1,290,"L1",1
0,1,290,"L1",1
0,1,290,"L1",1
0,1,290,"L1",1
0,1,290,"L1",1
0,1,290,"L1",1
0,1,290,"L1",1
0,1,290,"L1",1
0,1,290,"L1",1
0,1,290,"L1",1
0,1,290,"L1",1
0,1,290,"L1",1
0,1,290,"L1",1
0,1,290,"L1",1
0,1,290,"L1",1
0,1,290,"L1",1
0,1,290,"L1",1
0,1,290,"L1",1
0,1,290,"L1",1
0,1,290,"L1",1
0,1,290,"L1",1
0,1,290,"L1",1
0,1,290,"L1",1
0,1,290,"L1",1
0,1,290,"L1",1
0,1,290,"L1",1
0,1,290,"L1",1
0,1,290,"L1",1
0,1,290,"L1",1
0,1,290,"L1",1
0,1,290,"L1",1
0,1,290,"L1",1
0,1,290,"L1",1
0,1,290,"L1",1
0,1,290,"L1",1
0,1,290,"L1",1
0,1,290,"L1",1
0,1,290,"L1",1
0,1,290,"L1",1
0,1,290,"L1",1
0,1,290,"L1",1
0,1,290,"L1",1
0,1,290,"L1",1
0,1,290,"L1",1
0,1,290,"L1",1
0,1,290,"L1",1
0,1,290,"L1",1
0,1,290,"L1",1
0,1,290,"L1",1
0,1,290,"L1",1
0,1,290,"L1",1
0,1,290,"L1",1
0,1,290,"L1",1
0,1,290,"L1",1
0,1,290,"L1",1
0,1,290,"L1",1
0,1,290,"L1",1
0,1,290,"L1",1
0,1,290,"L1",1
0,1,290,"L1",1
0,1,290,"L1",1
0,1,290,"L1",1
0,1,290,"L1",1
0,1,290,"L1",1
0,1,290,"L1",1
0,1,290,"L1",1
0,1,290,"L1",1
0,1,290,"L1",1
0,1,290,"L1",1
0,1,290,"L1",1
0,1,290,"L1",1
0,1,290,"L1",1
0,1,290,"L1",1
0,1,290,"L1",1
0,1,290,"L1",1
0,1,290,"L1",1
0,1,290,"L1",1
0,1,290,"L1",1
0,1,290,"L1",1
0,1,290,"L1",1
0,1,290,"L1",1
0,1,290,"L1",1
0,1,290,"L1",1
0,1,290,"L1",1
0,1,290,"L1",1
0,1,290,"L1",1
0,1,290,"L1",1
0,1,290,"L1",1
0,1,290,"L1",1
0,1,290,"L1",1
0,1,290,"L1",1
0,1,290,"L1",1
0,1,290,"L1",1
0,1,290,"L1",1
0,1,290,"L1",1
0,1,290,"L1",1
0,1,290,"L1",1
0,1,290,"L1",1
0,1,290,"L1",1
0,1,290,"L1",1
0,1,290,"L1",1
0,1,290,"L1",1
0,1,290,"L1",1
0,1,290,"L1",1
0,1,290,"L1",1
0,1,290,"L1",1
0,1,290,"L1",1
0,1,290,"L1",1
0,1,290,"L1",1
0,1,290,"L1",1
0,1,290,"L1",1
0,1,290,"L1",1
0,1,290,"L1",1
0,1,290,"L1",1
0,1,290,"L1",1
0,1,290,"L1",1
0,1,290,"L1",1
0,1,290,"L1",1
0,1,290,"L1",1
0,1,290,"L1",1
0,1,290,"L1",1
0,1,290,"L1",1
0,1,290,"L1",1
0,1,290,"L1",1
0,1,290,"L1",1
0,1,290,"L1",1
0,1,290,"L1",1
0,1,290,"L1",1
0,1,290,"L1",1
0,1,290,"L1",1
0,1,290,"L1",1
0,1,290,"L1",1
0,1,290,"L1",1
0,1,290,"L1",1
0,1,290,"L1",1
0,1,290,"L1",1
0,1,290,"L1",1
0,1,290,"L1",1
0,1,290,"L1",1
0,1,290,"L1",1
0,1,290,"L1",1
0,1,290,"L1",1
0,1,290,"L1",1
0,1,290,"L1",1
0,1,290,"L1",1
0,1,290,"L1",1
0,1,290,"L1",1
0,1,290,"L1",1
0,1,290,"L1",1
0,1,290,"L1",1
0,1,290,"L1",1
0,1,290,"L1",1
0,1,290,"L1",1
0,1,290,"L1",1
0,1,290,"L1",1
0,1,290,"L1",1
0,1,290,"L1",1
0,1,290,"L1",1
0,1,290,"L1",1
0,1,290,"L1",1
0,1,290,"L1",1
0,1,290,"L1",1
0,1,290,"L1",1
0,1,290,"L1",1
0,1,290,"L1",1
0,1,290,"L1",1
0,1,290,"L1",1
0,1,290,"L1",1
0,1,290,"L1",1
0,1,290,"L1",1
0,1,290,"L1",1
0,1,290,"L1",1
0,1,290,"L1",1
0,1,290,"L1",1
0,1,290,"L1",1
0,1,290,"L1",1
0,1,290,"L1",1
0,1,290,"L1",1
0,1,290,"L1",1
0,1,290,"L1",1
0,1,290,"L1",1
0,1,290,"L1",1
0,1,290,"L1",1
0,1,290,"L1",1
0,1,290,"L1",1
0,1,290,"L1",1
0,1,290,"L1",1
0,1,290,"L1",1
0,1,290,"L1",1
0,1,290,"L1",1
0,1,290,"L1",1
0,1,290,"L1",1
0,1,290,"L1",1
0,1,290,"L1",1
0,1,290,"L1",1
0,1,290,"L1",1
0,1,290,"L1",1
0,1,290,"L1",1
0,1,290,"L1",1
0,1,290,"L1",1
0,1,290,"L1",1
0,1,290,"L1",1
0,1,290,"L1",1
0,1,290,"L1",1
0,1,290,"L1",1
0,1,290,"L1",1
0,1,290,"L1",1
0,1,290,"L1",1
0,1,290,"L1",1
0,1,290,"L1",1
0,1,290,"L1",1
0,1,290,"L1",1
0,1,290,"L1",1
0,1,290,"L1",1
0,1,290,"L1",1
0,1,290,"L1",1
0,1,290,"L1",1
0,1,290,"L1",1
0,1,290,"L1",1
0,1,0,"L1",1
0,1,0,"L1",1
0,1,0,"L1",1
0,1,0,"L1",1
0,1,0,"L1",1
0,1,0,"L1",1
0,1,0,"L1",1
0,1,0,"L1",1
0,1,0,"L1",1
0,1,0,"L1",1
0,1,0,"L1",1
0,1,0,"L1",1
0,1,0,"L1",1
0,1,0,"L1",1
0,1,0,"L1",1
0,1,0,"L1",1
0,1,0,"L1",1
0,1,0,"L1",1
0,1,0,"L1",1
0,1,0,"L1",1
0,1,0,"L1",1
0,1,0,"L1",1
0,1,0,"L1",1
0,1,0,"L1",1
0,1,0,"L1",1
0,1,0,"L1",1
0,1,0,"L1",1
0,1,0,"L1",1
0,1,0,"L1",1
0,1,0,"L1",1
0,1,0,"L1",1
0,1,0,"L1",1
0,1,4.7,"L1",1
0,1,4.7,"L1",1
0,1,4.7,"L1",1
0,1,4.7,"L1",1
0,1,4.7,"L1",1
0,1,4.7,"L1",1
0,1,4.7,"L1",1
0,1,4.7,"L1",1
0,1,4.7,"L1",1
0,1,4.7,"L1",1
0,1,4.7,"L1",1
0,1,4.7,"L1",1
0,1,4.7,"L1",1
0,1,4.7,"L1",1
0,1,4.7,"L1",1
0,1,4.7,"L1",1
0,1,4.7,"L1",1
0,1,4.7,"L1",1
0,1,4.7,"L1",1
0,1,4.7,"L1",1
0,1,4.7,"L1",1
0,1,4.7,"L1",1
0,1,4.7,"L1",1
0,1,4.7,"L1",1
0,1,4.7,"L1",1
0,1,4.7,"L1",1
0,1,4.7,"L1",1
0,1,4.7,"L1",1
0,1,4.7,"L1",1
0,1,4.7,"L1",1
0,1,4.7,"L1",1
0,1,4.7,"L1",1
0,1,0,"L1",1
0,1,0,"L1",1
0,1,0,"L1",1
0,1,0,"L1",1
0,1,0,"L1",1
0,1,0,"L1",1
0,1,0,"L1",1
0,1,0,"L1",1
0,1,0,"L1",1
0,1,0,"L1",1
0,1,0,"L1",1
0,1,0,"L1",1
0,1,0,"L1",1
0,1,0,"L1",1
0,1,0,"L1",1
0,1,0,"L1",1
0,1,0,"L1",1
0,1,0,"L1",1
0,1,0,"L1",1
0,1,0,"L1",1
0,1,0,"L1",1
0,1,0,"L1",1
0,1,0,"L1",1
0,1,0,"L1",1
0,1,0,"L1",1
0,1,0,"L1",1
0,1,0,"L1",1
0,1,0,"L1",1
0,1,0,"L1",1
0,1,0,"L1",1
0,1,0,"L1",1
0,1,0,"L1",1
0,1,4.7,"L1",1
0,1,4.7,"L1",1
0,1,4.7,"L1",1
0,1,4.7,"L1",1
0,1,4.7,"L1",1
0,1,4.7,"L1",1
0,1,4.7,"L1",1
0,1,4.7,"L1",1
0,1,4.7,"L1",1
0,1,4.7,"L1",1
0,1,4.7,"L1",1
0,1,4.7,"L1",1
0,1,4.7,"L1",1
0,1,4.7,"L1",1
0,1,4.7,"L1",1
0,1,4.7,"L1",1
0,1,4.7,"L1",1
0,1,4.7,"L1",1
0,1,4.7,"L1",1
0,1,4.7,"L1",1
0,1,4.7,"L1",1
0,1,4.7,"L1",1
0,1,4.7,"L1",1
0,1,4.7,"L1",1
0,1,4.7,"L1",1
0,1,4.7,"L1",1
0,1,4.7,"L1",1
0,1,4.7,"L1",1
0,1,4.7,"L1",1
0,1,4.7,"L1",1
0,1,4.7,"L1",1
0,1,4.7,"L1",1
0,1,0,"L1",1
0,1,0,"L1",1
0,1,0,"L1",1
0,1,0,"L1",1
0,1,0,"L1",1
0,1,0,"L1",1
0,1,0,"L1",1
0,1,0,"L1",1
0,1,0,"L1",1
0,1,0,"L1",1
0,1,0,"L1",1
0,1,0,"L1",1
0,1,0,"L1",1
0,1,0,"L1",1
0,1,0,"L1",1
0,1,0,"L1",1
0,1,0,"L1",1
0,1,0,"L1",1
0,1,0,"L1",1
0,1,0,"L1",1
0,1,0,"L1",1
0,1,0,"L1",1
0,1,0,"L1",1
0,1,0,"L1",1
0,1,0,"L1",1
0,1,0,"L1",1
0,1,0,"L1",1
0,1,0,"L1",1
0,1,0,"L1",1
0,1,0,"L1",1
0,1,0,"L1",1
0,1,0,"L1",1
0,1,4.7,"L1",1
0,1,4.7,"L1",1
0,1,4.7,"L1",1
0,1,4.7,"L1",1
0,1,4.7,"L1",1
0,1,4.7,"L1",1
0,1,4.7,"L1",1
0,1,4.7,"L1",1
0,1,4.7,"L1",1
0,1,4.7,"L1",1
0,1,4.7,"L1",1
0,1,4.7,"L1",1
0,1,4.7,"L1",1
0,1,4.7,"L1",1
0,1,4.7,"L1",1
0,1,4.7,"L1",1
0,1,4.7,"L1",1
0,1,4.7,"L1",1
0,1,4.7,"L1",1
0,1,4.7,"L1",1
0,1,4.7,"L1",1
0,1,4.7,"L1",1
0,1,4.7,"L1",1
0,1,4.7,"L1",1
0,1,4.7,"L1",1
0,1,4.7,"L1",1
0,1,4.7,"L1",1
0,1,4.7,"L1",1
0,1,4.7,"L1",1
0,1,4.7,"L1",1
0,1,4.7,"L1",1
0,1,4.7,"L1",1
0,1,0,"L1",1
0,1,0,"L1",1
0,1,0,"L1",1
0,1,0,"L1",1
0,1,0,"L1",1
0,1,0,"L1",1
0,1,0,"L1",1
0,1,0,"L1",1
0,1,0,"L1",1
0,1,0,"L1",1
0,1,0,"L1",1
0,1,0,"L1",1
0,1,0,"L1",1
0,1,0,"L1",1
0,1,0,"L1",1
0,1,0,"L1",1
0,1,0,"L1",1
0,1,0,"L1",1
0,1,0,"L1",1
0,1,0,"L1",1
0,1,0,"L1",1
0,1,0,"L1",1
0,1,0,"L1",1
0,1,0,"L1",1
0,1,0,"L1",1
0,1,0,"L1",1
0,1,0,"L1",1
0,1,0,"L1",1
0,1,0,"L1",1
0,1,0,"L1",1
0,1,0,"L1",1
0,1,0,"L1",1
1.004,0,0,"L1",1
1.004,0,0,"L1",1
0,1,4.7,"L1",1
0,1,4.7,"L1",1
0,1,4.7,"L1",1
0,1,4.7,"L1",1
0,1,4.7,"L1",1
0,1,4.7,"L1",1
0,1,4.7,"L1",1
0,1,4.7,"L1",1
0,1,4.7,"L1",1
0,1,4.7,"L1",1
0,1,4.7,"L1",1
0,1,4.7,"L1",1
0,1,4.7,"L1",1
0,1,4.7,"L1",1
0,1,4.7,"L1",1
0,1,4.7,"L1",1
0,1,4.7,"L1",1
0,1,4.7,"L1",1
0,1,4.7,"L1",1
0,1,4.7,"L1",1
0,1,4.7,"L1",1
0,1,4.7,"L1",1
0,1,4.7,"L1",1
0,1,4.7,"L1",1
0,1,4.7,"L1",1
0,1,4.7,"L1",1
0,1,4.7,"L1",1
0,1,4.7,"L1",1
0,1,4.7,"L1",1
0,1,4.7,"L1",1
0,1,0,"L1",1
0,1,0,"L1",1
0,1,0,"L1",1
0,1,0,"L1",1
0,1,0,"L1",1
0,1,0,"L1",1
0,1,0,"L1",1
0,1,0,"L1",1
0,1,0,"L1",1
0,1,0,"L1",1
0,1,0,"L1",1
0,1,0,"L1",1
0,1,0,"L1",1
0,1,0,"L1",1
0,1,0,"L1",1
0,1,0,"L1",1
0,1,0,"L1",1
0,1,0,"L1",1
0,1,0,"L1",1
0,1,0,"L1",1
0,1,0,"L1",1
0,1,0,"L1",1
0,1,0,"L1",1
0,1,0,"L1",1
0,1,0,"L1",1
0,1,0,"L1",1
0,1,0,"L1",1
0,1,0,"L1",1
0,1,0,"L1",1
0,1,0,"L1",1
0,1,0,"L1",1
0,1,0,"L1",1
0,1,4.7,"L1",1
0,1,4.7,"L1",1
0,1,4.7,"L1",1
0,1,4.7,"L1",1
0,1,4.7,"L1",1
0,1,4.7,"L1",1
0,1,4.7,"L1",1
0,1,4.7,"L1",1
0,1,4.7,"L1",1
0,1,4.7,"L1",1
0,1,4.7,"L1",1
0,1,4.7,"L1",1
0,1,4.7,"L1",1
0,1,4.7,"L1",1
0,1,4.7,"L1",1
0,1,4.7,"L1",1
0,1,4.7,"L1",1
0,1,4.7,"L1",1
0,1,4.7,"L1",1
0,1,4.7,"L1",1
0,1,4.7,"L1",1
0,1,4.7,"L1",1
0,1,4.7,"L1",1
0,1,4.7,"L1",1
0,1,4.7,"L1",1
0,1,4.7,"L1",1
0,1,4.7,"L1",1
0,1,4.7,"L1",1
0,1,4.7,"L1",1
0,1,4.7,"L1",1
0,1,4.7,"L1",1
0,1,4.7,"L1",1
0,1,0,"L1",1
0,1,0,"L1",1
0,1,0,"L1",1
0,1,0,"L1",1
0,1,0,"L1",1
0,1,0,"L1",1
0,1,0,"L1",1
0,1,0,"L1",1
0,1,0,"L1",1
0,1,0,"L1",1
0,1,0,"L1",1
0,1,0,"L1",1
0,1,0,"L1",1
0,1,0,"L1",1
0,1,0,"L1",1
0,1,0,"L1",1
0,1,0,"L1",1
0,1,0,"L1",1
0,1,0,"L1",1
0,1,0,"L1",1
0,1,0,"L1",1
0,1,0,"L1",1
0,1,0,"L1",1
0,1,0,"L1",1
0,1,0,"L1",1
0,1,0,"L1",1
0,1,0,"L1",1
0,1,0,"L1",1
0,1,0,"L1",1
0,1,0,"L1",1
0,1,0,"L1",1
0,1,0,"L1",1
0,1,4.7,"L1",1
0,1,4.7,"L1",1
0,1,4.7,"L1",1
0,1,4.7,"L1",1
0,1,4.7,"L1",1
0,1,4.7,"L1",1
0,1,4.7,"L1",1
0,1,4.7,"L1",1
0,1,4.7,"L1",1
0,1,4.7,"L1",1
0,1,4.7,"L1",1
0,1,4.7,"L1",1
0,1,4.7,"L1",1
0,1,4.7,"L1",1
0,1,4.7,"L1",1
0,1,4.7,"L1",1
0,1,4.7,"L1",1
0,1,4.7,"L1",1
0,1,4.7,"L1",1
0,1,4.7,"L1",1
0,1,4.7,"L1",1
0,1,4.7,"L1",1
0,1,4.7,"L1",1
0,1,4.7,"L1",1
0,1,4.7,"L1",1
0,1,4.7,"L1",1
0,1,4.7,"L1",1
0,1,4.7,"L1",1
0,1,4.7,"L1",1
0,1,4.7,"L1",1
0,1,4.7,"L1",1
0,1,4.7,"L1",1
0,1,0,"L1",1
0,1,0,"L1",1
0,1,0,"L1",1
0,1,0,"L1",1
0,1,0,"L1",1
0,1,0,"L1",1
0,1,0,"L1",1
0,1,0,"L1",1
0,1,0,"L1",1
0,1,0,"L1",1
0,1,0,"L1",1
0,1,0,"L1",1
0,1,0,"L1",1
0,1,0,"L1",1
0,1,0,"L1",1
0,1,0,"L1",1
0,1,0,"L1",1
0,1,0,"L1",1
0,1,0,"L1",1
0,1,0,"L1",1
0,1,0,"L1",1
0,1,0,"L1",1
0,1,0,"L1",1
0,1,0,"L1",1
0,1,0,"L1",1
0,1,0,"L1",1
0,1,0,"L1",1
0,1,0,"L1",1
0,1,0,"L1",1
0,1,0,"L1",1
0,1,0,"L1",1
0,1,0,"L1",1
0,1,4.7,"L1",1
0,1,4.7,"L1",1
0,1,4.7,"L1",1
0,1,4.7,"L1",1
0,1,4.7,"L1",1
0,1,4.7,"L1",1
0,1,4.7,"L1",1
0,1,4.7,"L1",1
0,1,4.7,"L1",1
0,1,4.7,"L1",1
0,1,4.7,"L1",1
0,1,4.7,"L1",1
0,1,4.7,"L1",1
0,1,4.7,"L1",1
0,1,4.7,"L1",1
0,1,4.7,"L1",1
0,1,4.7,"L1",1
0,1,4.7,"L1",1
0,1,4.7,"L1",1
0,1,4.7,"L1",1
0,1,4.7,"L1",1
0,1,4.7,"L1",1
0,1,4.7,"L1",1
0,1,4.7,"L1",1
0,1,4.7,"L1",1
0,1,4.7,"L1",1
0,1,4.7,"L1",1
0,1,4.7,"L1",1
0,1,4.7,"L1",1
0,1,4.7,"L1",1
0,1,4.7,"L1",1
0,1,4.7,"L1",1
0,1,0,"L1",1
0,1,0,"L1",1
0,1,0,"L1",1
0,1,0,"L1",1
0,1,0,"L1",1
0,1,0,"L1",1
0,1,0,"L1",1
0,1,0,"L1",1
0,1,0,"L1",1
0,1,0,"L1",1
0,1,0,"L1",1
0,1,0,"L1",1
0,1,0,"L1",1
0,1,0,"L1",1
0,1,0,"L1",1
0,1,0,"L1",1
0,1,0,"L1",1
0,1,0,"L1",1
0,1,0,"L1",1
0,1,0,"L1",1
0,1,0,"L1",1
0,1,0,"L1",1
0,1,0,"L1",1
0,1,0,"L1",1
0,1,0,"L1",1
0,1,0,"L1",1
0,1,0,"L1",1
0,1,0,"L1",1
0,1,0,"L1",1
0,1,0,"L1",1
0,1,0,"L1",1
0,1,0,"L1",1
0,1,4.7,"L1",1
0,1,4.7,"L1",1
0,1,4.7,"L1",1
0,1,4.7,"L1",1
0,1,4.7,"L1",1
0,1,4.7,"L1",1
0,1,4.7,"L1",1
0,1,4.7,"L1",1
0,1,4.7,"L1",1
0,1,4.7,"L1",1
0,1,4.7,"L1",1
0,1,4.7,"L1",1
0,1,4.7,"L1",1
0,1,4.7,"L1",1
0,1,4.7,"L1",1
0,1,4.7,"L1",1
0,1,4.7,"L1",1
0,1,4.7,"L1",1
0,1,4.7,"L1",1
0,1,4.7,"L1",1
0,1,4.7,"L1",1
0,1,4.7,"L1",1
0,1,4.7,"L1",1
0,1,4.7,"L1",1
0,1,4.7,"L1",1
0,1,4.7,"L1",1
0,1,4.7,"L1",1
0,1,4.7,"L1",1
0,1,4.7,"L1",1
0,1,4.7,"L1",1
0,1,4.7,"L1",1
0,1,4.7,"L1",1
0,1,0,"L1",1
0,1,0,"L1",1
0,1,0,"L1",1
0,1,0,"L1",1
0,1,0,"L1",1
0,1,0,"L1",1
0,1,0,"L1",1
0,1,0,"L1",1
0,1,0,"L1",1
0,1,0,"L1",1
0,1,0,"L1",1
0,1,0,"L1",1
0,1,0,"L1",1
0,1,0,"L1",1
0,1,0,"L1",1
0,1,0,"L1",1
0,1,0,"L1",1
0,1,0,"L1",1
0,1,0,"L1",1
0,1,0,"L1",1
0,1,0,"L1",1
0,1,0,"L1",1
0,1,0,"L1",1
0,1,0,"L1",1
0,1,0,"L1",1
0,1,0,"L1",1
0,1,0,"L1",1
0,1,0,"L1",1
0,1,0,"L1",1
0,1,0,"L1",1
0,1,0,"L1",1
0,1,0,"L1",1
0,1,0,"L1",1
0,1,0,"L1",1
0,1,0,"L1",1
0,1,0,"L1",1
0,1,0,"L1",1
0,1,0,"L1",1
0,1,0,"L1",1
0,1,0,"L1",1
0,1,0,"L1",1
0,1,0,"L1",1
0,1,0,"L1",1
0,1,0,"L1",1
0,1,0,"L1",1
0,1,0,"L1",1
0,1,0,"L1",1
0,1,0,"L1",1
0,1,0,"L1",1
0,1,0,"L1",1
0,1,0,"L1",1
0,1,0,"L1",1
0,1,0,"L1",1
0,1,0,"L1",1
0,1,0,"L1",1
0,1,0,"L1",1
0,1,0,"L1",1
0,1,0,"L1",1
0,1,0,"L1",1
0,1,0,"L1",1
0,1,0,"L1",1
0,1,0,"L1",1
0,1,0,"L1",1
0,1,0,"L1",1
0,1,0,"L1",1
0,1,0,"L1",1
0,1,0,"L1",1
0,1,0,"L1",1
0,1,0,"L1",1
0,1,0,"L1",1
0,1,0,"L1",1
0,1,0,"L1",1
0,1,0,"L1",1
0,1,0,"L1",1
0,1,0,"L1",1
0,1,0,"L1",1
0,1,0,"L1",1
0,1,0,"L1",1
0,1,0,"L1",1
0,1,0,"L1",1
0,1,0,"L1",1
0,1,0,"L1",1
0,1,0,"L1",1
0,1,0,"L1",1
0,1,0,"L1",1
0,1,0,"L1",1
0,1,0,"L1",1
0,1,0,"L1",1
0,1,0,"L1",1
0,1,0,"L1",1
0,1,0,"L1",1
0,1,0,"L1",1
0,1,0,"L1",1
0,1,0,"L1",1
0,1,0,"L1",1
0,1,0,"L1",1
0,1,0,"L1",1
0,1,0,"L1",1
0,1,0,"L1",1
0,1,0,"L1",1
0,1,0,"L1",1
0,1,0,"L1",1
0,1,0,"L1",1
0,1,0,"L1",1
0,1,0,"L1",1
0,1,0,"L1",1
0,1,0,"L1",1
0,1,0,"L1",1
0,1,0,"L1",1
0,1,0,"L1",1
0,1,0,"L1",1
0,1,0,"L1",1
0,1,0,"L1",1
0,1,0,"L1",1
0,1,0,"L1",1
0,1,0,"L1",1
0,1,0,"L1",1
0,1,0,"L1",1
0,1,0,"L1",1
0,1,0,"L1",1
0,1,0,"L1",1
0,1,0,"L1",1
0,1,0,"L1",1
0,1,0,"L1",1
0,1,0,"L1",1
0,1,0,"L1",1
0,1,0,"L1",1
0,1,0,"L1",1
0,1,0,"L1",1
0,1,0,"L1",1
0,1,0,"L1",1
0,1,0,"L1",1
0,1,0,"L1",1
0,1,0,"L1",1
0,1,0,"L1",1
0,1,0,"L1",1
0,1,0,"L1",1
0,1,0,"L1",1
0,1,0,"L1",1
0,1,0,"L1",1
0,1,0,"L1",1
0,1,0,"L1",1
0,1,0,"L1",1
0,1,0,"L1",1
0,1,0,"L1",1
0,1,0,"L1",1
0,1,0,"L1",1
0,1,0,"L1",1
0,1,0,"L1",1
0,1,0,"L1",1
0,1,0,"L1",1
0,1,0,"L1",1
0,1,0,"L1",1
0,1,0,"L1",1
0,1,0,"L1",1
0,1,0,"L1",1
0,1,0,"L1",1
0,1,0,"L1",1
0,1,0,"L1",1
0,1,0,"L1",1
0,1,0,"L1",1
0,1,0,"L1",1
0,1,0,"L1",1
0,1,0,"L1",1
0,1,0,"L1",1
0,1,0,"L1",1
0,1,0,"L1",1
0,1,0,"L1",1
0,1,0,"L1",1
0,1,0,"L1",1
0,1,0,"L1",1
0,1,0,"L1",1
0,1,0,"L1",1
0,1,0,"L1",1
0,1,0,"L1",1
0,1,0,"L1",1
0,1,0,"L1",1
0,1,0,"L1",1
0,1,0,"L1",1
0,1,0,"L1",1
0,1,0,"L1",1
0,1,0,"L1",1
0,1,0,"L1",1
0,1,0,"L1",1
0,1,0,"L1",1
0,1,0,"L1",1
0,1,0,"L1",1
0,1,0,"L1",1
0,1,0,"L1",1
0,1,0,"L1",1
0,1,0,"L1",1
0,1,0,"L1",1
0,1,0,"L1",1
0,1,0,"L1",1
0,1,0,"L1",1
0,1,0,"L1",1
0,1,0,"L1",1
0,1,0,"L1",1
0,1,0,"L1",1
0,1,0,"L1",1
0,1,0,"L1",1
0,1,0,"L1",1
0,1,0,"L1",1
0,1,0,"L1",1
0,1,0,"L1",1
0,1,0,"L1",1
0,1,0,"L1",1
0,1,0,"L1",1
0,1,0,"L1",1
0,1,0,"L1",1
0,1,0,"L1",1
0,1,0,"L1",1
0,1,0,"L1",1
0,1,0,"L1",1
0,1,0,"L1",1
0,1,0,"L1",1
0,1,0,"L1",1
0,1,0,"L1",1
0,1,0,"L1",1
0,1,0,"L1",1
0,1,0,"L1",1
0,1,0,"L1",1
0,1,0,"L1",1
0,1,0,"L1",1
0,1,0,"L1",1
0,1,0,"L1",1
0,1,0,"L1",1
0,1,0,"L1",1
0,1,0,"L1",1
0,1,0,"L1",1
0,1,0,"L1",1
0,1,0,"L1",1
0,1,0,"L1",1
0,1,0,"L1",1
0,1,0,"L1",1
0,1,0,"L1",1
0,1,0,"L1",1
0,1,0,"L1",1
0,1,0,"L1",1
0,1,0,"L1",1
0,1,0,"L1",1
0,1,0,"L1",1
0,1,0,"L1",1
0,1,0,"L1",1
0,1,0,"L1",1
0,1,0,"L1",1
0,1,0,"L1",1
0,1,0,"L1",1
0,1,0,"L1",1
0,1,0,"L1",1
0,1,0,"L1",1
0,1,0,"L1",1
0,1,0,"L1",1
0,1,0,"L1",1
0,1,0,"L1",1
0,1,0,"L1",1
0,1,0,"L1",1
0,1,0,"L1",1
0,1,0,"L1",1
0,1,0,"L1",1
0,1,0,"L1",1
0,1,0,"L1",1
0,1,0,"L1",1
0,1,0,"L1",1
0,1,0,"L1",1
0,1,0,"L1",1
0,1,0,"L1",1
0,1,0,"L1",1
0,1,0,"L1",1
0,1,0,"L1",1
0,1,0,"L1",1
0,1,0,"L1",1
0,1,0,"L1",1
0,1,0,"L1",1
0,1,0,"L1",1
0,1,0,"L1",1
0,1,0,"L1",1
0,1,0,"L1",1
0,1,0,"L1",1
0,1,0,"L1",1
0,1,0,"L1",1
0,1,0,"L1",1
0,1,0,"L1",1
0,1,0,"L1",1
0,1,0,"L1",1
0,1,0,"L1",1
0,1,0,"L1",1
0,1,0,"L1",1
0,1,0,"L1",1
0,1,0,"L1",1
0,1,0,"L1",1
0,1,0,"L1",1
0,1,0,"L1",1
0,1,0,"L1",1
0,1,0,"L1",1
0,1,0,"L1",1
0,1,0,"L1",1
0,1,0,"L1",1
0,1,0,"L1",1
0,1,0,"L1",1
0,1,0,"L1",1
0,1,0,"L1",1
0,1,0,"L1",1
0,1,0,"L1",1
0,1,0,"L1",1
0,1,0,"L1",1
0,1,0,"L1",1
0,1,0,"L1",1
0,1,0,"L1",1
0,1,0,"L1",1
0,1,0,"L1",1
0,1,0,"L1",1
0,1,0,"L1",1
0,1,0,"L1",1
0,1,0,"L1",1
0,1,0,"L1",1
0,1,0,"L1",1
0,1,0,"L1",1
0,1,0,"L1",1
0,1,0,"L1",1
0,1,0,"L1",1
0,1,0,"L1",1
0,1,0,"L1",1
0,1,0,"L1",1
0,1,0,"L1",1
0,1,0,"L1",1
0,1,0,"L1",1
0,1,0,"L1",1
0,1,0,"L1",1
0,1,0,"L1",1
0,1,0,"L1",1
0,1,0,"L1",1
0,1,0,"L1",1
0,1,0,"L1",1
0,1,0,"L1",1
0,1,0,"L1",1
0,1,0,"L1",1
0,1,0,"L1",1
0,1,0,"L1",1
0,1,0,"L1",1
0,1,0,"L1",1
0,1,0,"L1",1
0,1,0,"L1",1
0,1,0,"L1",1
0,1,0,"L1",1
0,1,0,"L1",1
0,1,0,"L1",1
0,1,0,"L1",1
0,1,0,"L1",1
0,1,0,"L1",1
0,1,0,"L1",1
0,1,0,"L1",1
0,1,0,"L1",1
0,1,0,"L1",1
0,1,0,"L1",1
0,1,0,"L1",1
0,1,0,"L1",1
0,1,0,"L1",1
0,1,0,"L1",1
0,1,0,"L1",1
0,1,0,"L1",1
0,1,0,"L1",1
0,1,0,"L1",1
0,1,0,"L1",1
0,1,0,"L1",1
0,1,0,"L1",1
0,1,0,"L1",1
0,1,0,"L1",1
0,1,0,"L1",1
0,1,0,"L1",1
0,1,0,"L1",1
0,1,0,"L1",1
0,1,0,"L1",1
0,1,0,"L1",1
0,1,0,"L1",1
0,1,0,"L1",1
0,1,0,"L1",1
0,1,0,"L1",1
0,1,0,"L1",1
0,1,0,"L1",1
0,1,0,"L1",1
0,1,0,"L1",1
0,1,0,"L1",1
0,1,0,"L1",1
0,1,0,"L1",1
0,1,0,"L1",1
0,1,0,"L1",1
0,1,0,"L1",1
0,1,0,"L1",1
0,1,0,"L1",1
0,1,0,"L1",1
0,1,0,"L1",1
0,1,0,"L1",1
0,1,0,"L1",1
0,1,0,"L1",1
0,1,0,"L1",1
0,1,0,"L1",1
0,1,0,"L1",1
0,1,0,"L1",1
0,1,0,"L1",1
0,1,0,"L1",1
0,1,0,"L1",1
0,1,0,"L1",1
0,1,0,"L1",1
0,1,0,"L1",1
0,1,0,"L1",1
0,1,0,"L1",1
0,1,0,"L1",1
0,1,0,"L1",1
0,1,0,"L1",1
0,1,0,"L1",1
0,1,0,"L1",1
0,1,0,"L1",1
0,1,0,"L1",1
0,1,0,"L1",1
0,1,0,"L1",1
0,1,0,"L1",1
0,1,0,"L1",1
0,1,0,"L1",1
0,1,0,"L1",1
0,1,0,"L1",1
0,1,0,"L1",1
0,1,0,"L1",1
0,1,0,"L1",1
0,1,0,"L1",1
0,1,0,"L1",1
0,1,0,"L1",1
0,1,0,"L1",1
0,1,0,"L1",1
0,1,0,"L1",1
0,1,0,"L1",1
0,1,0,"L1",1
0,1,0,"L1",1
0,1,0,"L1",1
0,1,0,"L1",1
0,1,0,"L1",1
0,1,0,"L1",1
0,1,0,"L1",1
0,1,0,"L1",1
0,1,0,"L1",1
0,1,0,"L1",1
0,1,0,"L1",1
0,1,0,"L1",1
0,1,0,"L1",1
0,1,0,"L1",1
0,1,0,"L1",1
0,1,0,"L1",1
0,1,0,"L1",1
0,1,0,"L1",1
0,1,0,"L1",1
0,1,0,"L1",1
0,1,0,"L1",1
0,1,0,"L1",1
0,1,0,"L1",1
0,1,0,"L1",1
0,1,0,"L1",1
0,1,0,"L1",1
0,1,0,"L1",1
0,1,0,"L1",1
0,1,0,"L1",1
0,1,0,"L1",1
0,1,0,"L1",1
0,1,0,"L1",1
0,1,0,"L1",1
0,1,0,"L1",1
0,1,0,"L1",1
0,1,0,"L1",1
0,1,0,"L1",1
0,1,0,"L1",1
0,1,0,"L1",1
0,1,0,"L1",1
0,1,0,"L1",1
0,1,0,"L1",1
0,1,0,"L1",1
0,1,0,"L1",1
0,1,0,"L1",1
0,1,0,"L1",1
0,1,0,"L1",1
0,1,0,"L1",1
0,1,0,"L1",1
0,1,0,"L1",1
0,1,0,"L1",1
0,1,0,"L1",1
0,1,0,"L1",1
0,1,0,"L1",1
0,1,0,"L1",1
0,1,0,"L1",1
0,1,0,"L1",1
0,1,0,"L1",1
0,1,0,"L1",1
0,1,0,"L1",1
0,1,0,"L1",1
0,1,0,"L1",1
0,1,0,"L1",1
0,1,0,"L1",1
0,1,0,"L1",1
0,1,0,"L1",1
0,1,0,"L1",1
0,1,0,"L1",1
0,1,0,"L1",1
0,1,0,"L1",1
0,1,0,"L1",1
0,1,0,"L1",1
0,1,0,"L1",1
0,1,0,"L1",1
0,1,0,"L1",1
0,1,0,"L1",1
0,1,0,"L1",1
0,1,0,"L1",1
0,1,0,"L1",1
0,1,0,"L1",1
0,1,0,"L1",1
